# File generated by CMD 3.5 (http://stev.oapd.inaf.it/cmd) on Mon Jul 19 15:55:13 CEST 2021
# isochrones based on PARSEC release v1.2S +  COLIBRI S_37 + S_35 + PR16
# Basic references: Bressan et al. (2012), MNRAS, 427, 127 + Chen et al. (2014, 2015), MNRAS, 444, 2525 + MNRAS, 452, 1068 + Tang et al. (2014), MNRAS, 445, 4287 + Marigo et al. (2017), ApJ, 835, 77 + Pastorelli al. (2019), MNRAS, 485, 5666 + Pastorelli al. (2020), MNRAS, in press
# Thermal pulse cycles included 
# On RGB, assumed Reimers mass loss with efficiency eta=0.2
# LPV periods and growth rates added cf. Trabucchi et al. (2019)
# Photometric system: DECAM (ABmags)
# Using YBC version of bolometric corrections as in Chen et al. (2019)
# O-rich circumstellar dpmod60alox40 dust from Groenewegen (2006)
# C-rich circumstellar AMCSIC15 dust from Groenewegen (2006)
# IMF: Kroupa (2001, 2002) + Kroupa et al. (2013) canonical two-part-power law IMF corrected for unresolved binaries 
# Kind of output: isochrone tables
# Zini     MH   logAge Mini        int_IMF         Mass   logL    logTe  logg  label   McoreTP C_O  period0  period1  period2  period3  period4  pmode  Mloss  tau1m   X   Y   Xc  Xn  Xo  Cexcess  Z 	 mbolmag  umag    gmag    rmag    imag    zmag    Ymag
0.00049103 -1.50000 10.06070 0.0900000036 1.0816895962    0.090 -3.183  3.4749  5.427    1  0.000  0.545     0.00     0.00     0.00     0.00     0.00 -1 -5.31e-17      0.00 7.481e-01 2.514e-01 8.884e-05 2.397e-05 2.174e-04 -1.000 4.940e-04 12.728 17.880 16.199 14.284 12.618 12.073 11.965
0.00049103 -1.50000 10.06070 0.1000000015 1.1711064577    0.100 -2.894  3.5162  5.349    1  0.000  0.545     0.00     0.00     0.00     0.00     0.00 -1 -1.08e-16      0.00 7.464e-01 2.531e-01 8.884e-05 2.397e-05 2.174e-04 -1.000 4.941e-04 12.005 16.871 14.672 12.914 11.831 11.428 11.318
0.00049103 -1.50000 10.06070 0.1199999973 1.3193154335    0.120 -2.608  3.5474  5.267    1  0.000  0.545     0.00     0.00     0.00     0.00     0.00 -1 -2.08e-16      0.00 7.438e-01 2.557e-01 8.884e-05 2.397e-05 2.174e-04 -1.000 4.941e-04 11.290 15.669 13.444 11.854 11.085 10.756 10.652
0.00049103 -1.50000 10.06070 0.1400000006 1.4384527206    0.140 -2.427  3.5627  5.213    1  0.000  0.545     0.00     0.00     0.00     0.00     0.00 -1 -3.11e-16      0.00 7.420e-01 2.575e-01 8.884e-05 2.397e-05 2.174e-04 -1.000 4.941e-04 10.837 14.918 12.767 11.268 10.619 10.321 10.222
0.00049103 -1.50000 10.06070 0.1599999964 1.5372931957    0.160 -2.285  3.5729  5.170    1  0.000  0.545     0.00     0.00     0.00     0.00     0.00 -1 -4.24e-16      0.00 7.406e-01 2.589e-01 8.884e-05 2.397e-05 2.174e-04 -1.000 4.941e-04 10.482 14.356 12.273 10.840 10.259 9.978 9.883
0.00049103 -1.50000 10.06070 0.2000000179 1.6938792467    0.200 -2.064  3.5861  5.099    1  0.000  0.545     0.00     0.00     0.00     0.00     0.00 -1 -6.84e-16      0.00 7.394e-01 2.601e-01 8.884e-05 2.397e-05 2.174e-04 -1.000 4.942e-04 9.929 13.531 11.551 10.212 9.698 9.439 9.350
0.00049103 -1.50000 10.06070 0.2500000000 1.8403258324    0.250 -1.859  3.5972  5.036    1  0.000  0.545     0.00     0.00     0.00     0.00     0.00 -1 -1.05e-15      0.00 7.394e-01 2.601e-01 8.883e-05 2.397e-05 2.174e-04 -1.000 4.941e-04 9.419 12.801 10.909 9.651 9.181 8.939 8.856
0.00049103 -1.50000 10.06070 0.3000000417 1.9529141188    0.300 -1.704  3.6058  4.994    1  0.000  0.545     0.00     0.00     0.00     0.00     0.00 -1 -1.44e-15      0.00 7.396e-01 2.599e-01 8.882e-05 2.397e-05 2.174e-04 -1.000 4.941e-04 9.030 12.255 10.425 9.228 8.787 8.558 8.478
0.00049103 -1.50000 10.06070 0.3415059447 2.0292723179    0.342 -1.598  3.6119  4.969    1  0.000  0.545     0.00     0.00     0.00     0.00     0.00 -1 -1.78e-15      0.00 7.396e-01 2.599e-01 8.879e-05 2.397e-05 2.174e-04 -1.000 4.941e-04 8.766 11.884 10.095 8.941 8.518 8.299 8.223
0.00049103 -1.50000 10.06070 0.3499999940 2.0434174538    0.350 -1.578  3.6131  4.965    1  0.000  0.545     0.00     0.00     0.00     0.00     0.00 -1 -1.85e-15      0.00 7.396e-01 2.599e-01 8.879e-05 2.397e-05 2.174e-04 -1.000 4.940e-04 8.715 11.814 10.033 8.886 8.468 8.250 8.174
0.00049103 -1.50000 10.06070 0.3620290756 2.0627036095    0.362 -1.542  3.6159  4.955    1  0.000  0.545     0.00     0.00     0.00     0.00     0.00 -1    -2e-15      0.00 7.422e-01 2.573e-01 8.880e-05 2.397e-05 2.174e-04 -1.000 4.940e-04 8.626 11.678 9.914 8.787 8.376 8.163 8.089
0.00049103 -1.50000 10.06070 0.4000000060 2.1185026169    0.400 -1.436  3.6243  4.925    1  0.000  0.545     0.00     0.00     0.00     0.00     0.00 -1 -2.51e-15      0.00 7.503e-01 2.492e-01 8.884e-05 2.397e-05 2.174e-04 -1.000 4.941e-04 8.360 11.274 9.562 8.492 8.106 7.906 7.836
0.00049103 -1.50000 10.06070 0.4500000179 2.1822810173    0.450 -1.262  3.6430  4.877    1  0.000  0.545     0.00     0.00     0.00     0.00     0.00 -1 -3.73e-15      0.00 7.504e-01 2.491e-01 8.884e-05 2.397e-05 2.174e-04 -1.000 4.941e-04 7.925 10.549 8.949 8.001 7.666 7.494 7.433
0.00049103 -1.50000 10.06070 0.5000000000 2.2374541759    0.500 -1.067  3.6688  4.832    1  0.000  0.545     0.00     0.00     0.00     0.00     0.00 -1 -5.85e-15      0.00 7.504e-01 2.491e-01 8.884e-05 2.397e-05 2.174e-04 -1.000 4.940e-04 7.438 9.656 8.238 7.447 7.175 7.040 6.992
0.00049103 -1.50000 10.06070 0.5500000715 2.2836585045    0.550 -0.855  3.6937  4.760    1  0.000  0.544     0.00     0.00     0.00     0.00     0.00 -1 -9.87e-15      0.00 7.835e-01 2.161e-01 7.784e-05 2.101e-05 1.907e-04 -1.000 3.961e-04 6.907 8.726 7.531 6.870 6.648 6.546 6.512
0.00049103 -1.50000 10.06070 0.6000000238 2.3211214542    0.600 -0.648  3.7211  4.700    1  0.000  0.544     0.00     0.00     0.00     0.00     0.00 -1 -1.63e-14      0.00 7.939e-01 2.057e-01 7.454e-05 2.014e-05 1.828e-04 -1.000 3.953e-04 6.389 7.836 6.872 6.326 6.150 6.080 6.061
0.00049103 -1.50000 10.06070 0.6056232452 2.3248920441    0.605 -0.624  3.7245  4.694    1  0.000  0.544     0.00     0.00     0.00     0.00     0.00 -1 -1.73e-14      0.00 7.952e-01 2.044e-01 7.412e-05 2.002e-05 1.818e-04 -1.000 4.037e-04 6.329 7.735 6.797 6.264 6.094 6.028 6.010
0.00049103 -1.50000 10.06070 0.6188403964 2.3334450722    0.619 -0.567  3.7326  4.678    1  0.000  0.543     0.00     0.00     0.00     0.00     0.00 -1 -1.98e-14      0.00 7.985e-01 2.011e-01 7.308e-05 1.974e-05 1.793e-04 -1.000 3.954e-04 6.186 7.501 6.621 6.119 5.962 5.905 5.891
0.00049103 -1.50000 10.06070 0.6301540732 2.3404397964    0.630 -0.517  3.7394  4.664    1  0.000  0.543     0.00     0.00     0.00     0.00     0.00 -1 -2.23e-14      0.00 8.014e-01 1.982e-01 7.215e-05 1.950e-05 1.771e-04 -1.000 3.955e-04 6.064 7.306 6.473 5.996 5.849 5.799 5.789
0.00049103 -1.50000 10.06070 0.6411018372 2.3469383717    0.641 -0.470  3.7460  4.650    1  0.000  0.543     0.00     0.00     0.00     0.00     0.00 -1 -2.51e-14      0.00 8.044e-01 1.952e-01 7.122e-05 1.925e-05 1.748e-04 -1.000 3.958e-04 5.944 7.124 6.332 5.879 5.741 5.699 5.691
0.00049103 -1.50000 10.06070 0.6499999762 2.3520355225    0.650 -0.430  3.7512  4.638    1  0.000  0.543     0.00     0.00     0.00     0.00     0.00 -1 -2.77e-14      0.00 8.069e-01 1.927e-01 7.043e-05 1.904e-05 1.729e-04 -1.000 3.953e-04 5.846 6.978 6.217 5.783 5.654 5.617 5.612
0.00049103 -1.50000 10.06070 0.6538357139 2.3541834354    0.654 -0.414  3.7532  4.632    1  0.000  0.543     0.00     0.00     0.00     0.00     0.00 -1 -2.89e-14      0.00 8.083e-01 1.913e-01 7.001e-05 1.893e-05 1.719e-04 -1.000 3.952e-04 5.804 6.917 6.168 5.742 5.617 5.582 5.577
0.00049103 -1.50000 10.06070 0.6670475602 2.3613650799    0.667 -0.354  3.7602  4.609    1  0.000  0.542     0.00     0.00     0.00     0.00     0.00 -1 -3.36e-14      0.00 8.130e-01 1.866e-01 6.850e-05 1.853e-05 1.684e-04 -1.000 3.961e-04 5.656 6.705 5.999 5.600 5.486 5.458 5.456
0.00049103 -1.50000 10.06070 0.6792781353 2.3677279949    0.679 -0.299  3.7665  4.587    1  0.000  0.542     0.00     0.00     0.00     0.00     0.00 -1 -3.89e-14      0.00 8.178e-01 1.818e-01 6.701e-05 1.813e-05 1.648e-04 -1.000 3.948e-04 5.517 6.518 5.843 5.467 5.363 5.341 5.342
0.00049103 -1.50000 10.06070 0.6905132532 2.3733448982    0.690 -0.247  3.7722  4.564    1  0.000  0.542     0.00     0.00     0.00     0.00     0.00 -1 -4.45e-14      0.00 8.224e-01 1.772e-01 6.555e-05 1.774e-05 1.613e-04 -1.000 3.805e-04 5.386 6.345 5.698 5.343 5.247 5.231 5.234
0.00049103 -1.50000 10.06070 0.6999999881 2.3779268265    0.700 -0.201  3.7768  4.543    1  0.000  0.541     0.00     0.00     0.00     0.00     0.00 -1 -5.04e-14      0.00 8.266e-01 1.731e-01 6.423e-05 1.739e-05 1.582e-04 -1.000 3.064e-04 5.273 6.199 5.573 5.234 5.146 5.134 5.139
0.00049103 -1.50000 10.06070 0.7013170123 2.3785517216    0.701 -0.195  3.7774  4.540    1  0.000  0.541     0.00     0.00     0.00     0.00     0.00 -1 -5.13e-14      0.00 8.274e-01 1.723e-01 6.398e-05 1.733e-05 1.576e-04 -1.000 2.960e-04 5.257 6.179 5.555 5.219 5.131 5.121 5.126
0.00049103 -1.50000 10.06070 0.7116704583 2.3833711147    0.711 -0.143  3.7822  4.514    1  0.000  0.539     0.00     0.00     0.00     0.00     0.00 -1 -5.91e-14      0.00 8.333e-01 1.664e-01 6.196e-05 1.683e-05 1.532e-04 -1.000 2.975e-04 5.128 6.019 5.415 5.096 5.016 5.010 5.016
0.00049103 -1.50000 10.06070 0.7214299440 2.3877687454    0.721 -0.092  3.7866  4.487    1  0.000  0.537     0.00     0.00     0.00     0.00     0.00 -1  -6.8e-14      0.00 8.389e-01 1.608e-01 6.010e-05 1.637e-05 1.492e-04 -1.000 2.971e-04 5.001 5.867 5.278 4.975 4.902 4.900 4.908
0.00049103 -1.50000 10.06070 0.7299955487 2.3915171623    0.730 -0.046  3.7904  4.460    1  0.000  0.535     0.00     0.00     0.00     0.00     0.00 -1 -7.76e-14      0.00 8.437e-01 1.560e-01 5.853e-05 1.599e-05 1.457e-04 -1.000 2.969e-04 4.884 5.730 5.152 4.863 4.795 4.797 4.806
0.00049103 -1.50000 10.06070 0.7384524345 2.3951199055    0.738  0.003  3.7939  4.431    1  0.000  0.534     0.00     0.00     0.00     0.00     0.00 -1 -8.91e-14      0.00 8.483e-01 1.514e-01 5.707e-05 1.563e-05 1.426e-04 -1.000 3.152e-04 4.763 5.591 5.023 4.746 4.684 4.690 4.700
0.00049103 -1.50000 10.06070 0.7457152605 2.3981392384    0.745  0.046  3.7969  4.404    1  0.000  0.532     0.00     0.00     0.00     0.00     0.00 -1 -1.01e-13      0.00 8.520e-01 1.477e-01 5.591e-05 1.535e-05 1.401e-04 -1.000 3.042e-04 4.654 5.467 4.906 4.640 4.583 4.591 4.603
0.00049103 -1.50000 10.06070 0.7500000000 2.3998889923    0.749  0.073  3.7986  4.386    1  0.000  0.531     0.00     0.00     0.00     0.00     0.00 -1 -1.09e-13      0.00 8.542e-01 1.455e-01 5.526e-05 1.519e-05 1.387e-04 -1.000 2.961e-04 4.588 5.392 4.836 4.576 4.522 4.532 4.544
0.00049103 -1.50000 10.06070 0.7575859427 2.4029312134    0.757  0.122  3.8016  4.353    1  0.000  0.531     0.00     0.00     0.00     0.00     0.00 -1 -1.27e-13      0.00 8.561e-01 1.436e-01 5.496e-05 1.512e-05 1.381e-04 -1.000 2.977e-04 4.465 5.254 4.704 4.456 4.406 4.419 4.432
0.00049103 -1.50000 10.06070 0.7648319602 2.4057722092    0.764  0.173  3.8043  4.318    1  0.000  0.530     0.00     0.00     0.00     0.00     0.00 -1 -1.47e-13      0.00 8.578e-01 1.419e-01 5.473e-05 1.506e-05 1.376e-04 -1.000 2.975e-04 4.339 5.116 4.571 4.332 4.287 4.302 4.316
0.00049103 -1.50000 10.06070 0.7714635730 2.4083187580    0.771  0.222  3.8065  4.281    1  0.000  0.530     0.00     0.00     0.00     0.00     0.00 -1 -1.71e-13      0.00 8.591e-01 1.406e-01 5.453e-05 1.501e-05 1.373e-04 -1.000 2.960e-04 4.216 4.983 4.442 4.211 4.170 4.188 4.202
0.00049103 -1.50000 10.06070 0.7775317430 2.4106049538    0.777  0.270  3.8082  4.243    1  0.000  0.529     0.00     0.00     0.00     0.00     0.00 -1 -1.99e-13      0.00 8.601e-01 1.396e-01 5.443e-05 1.499e-05 1.371e-04 -1.000 3.249e-04 4.096 4.855 4.316 4.092 4.054 4.073 4.088
0.00049103 -1.50000 10.06070 0.7831842899 2.4126982689    0.782  0.318  3.8094  4.203    1  0.000  0.529     0.00     0.00     0.00     0.00     0.00 -1 -2.32e-13      0.00 8.599e-01 1.397e-01 5.466e-05 1.505e-05 1.377e-04 -1.000 3.531e-04 3.976 4.729 4.192 3.973 3.937 3.957 3.972
0.00049103 -1.50000 10.06070 0.7870568633 2.4141123295    0.786  0.351  3.8100  4.174    1  0.000  0.529     0.00     0.00     0.00     0.00     0.00 -1 -2.59e-13      0.00 8.595e-01 1.401e-01 5.488e-05 1.512e-05 1.383e-04 -1.000 3.693e-04 3.891 4.641 4.104 3.888 3.853 3.874 3.889
0.00049103 -1.50000 10.06070 0.7885646224 2.4146585464    0.787  0.366  3.8099  4.160    1  0.000  0.529     0.00     0.00     0.00     0.00     0.00 -1 -2.73e-13      0.00 8.593e-01 1.403e-01 5.498e-05 1.515e-05 1.386e-04 -1.000 3.722e-04 3.855 4.604 4.067 3.851 3.816 3.837 3.852
0.00049103 -1.50000 10.06070 0.7944322228 2.4167616367    0.793  0.427  3.8085  4.096    1  0.000  0.529     0.00     0.00     0.00     0.00     0.00 -1 -3.34e-13      0.00 8.586e-01 1.410e-01 5.538e-05 1.525e-05 1.396e-04 -1.000 3.835e-04 3.702 4.456 3.915 3.696 3.660 3.679 3.694
0.00049103 -1.50000 10.06070 0.7989003062 2.4183392525    0.798  0.481  3.8051  4.031    1  0.000  0.529     0.00     0.00     0.00     0.00     0.00 -1 -4.07e-13      0.00 8.580e-01 1.416e-01 5.568e-05 1.534e-05 1.403e-04 -1.000 3.919e-04 3.567 4.333 3.785 3.557 3.516 3.532 3.546
0.00049103 -1.50000 10.06070 0.7996625304 2.4186065197    0.798  0.491  3.8042  4.018    1  0.000  0.529     0.00     0.00     0.00     0.00     0.00 -1 -4.27e-13      0.00 8.579e-01 1.417e-01 5.573e-05 1.535e-05 1.405e-04 -1.000 3.934e-04 3.541 4.310 3.761 3.530 3.488 3.503 3.516
0.00049103 -1.50000 10.06070 0.8000000119 2.4187245369    0.799  0.496  3.8036  4.010    1  0.000  0.529     0.00     0.00     0.00     0.00     0.00 -1 -4.35e-13      0.00 8.579e-01 1.417e-01 5.575e-05 1.536e-05 1.405e-04 -1.000 3.940e-04 3.529 4.300 3.750 3.517 3.474 3.489 3.502
0.00049103 -1.50000 10.06070 0.8003615737 2.4188508987    0.799  0.502  3.8030  4.003    1  0.000  0.529     0.00     0.00     0.00     0.00     0.00 -1 -4.44e-13      0.00 8.578e-01 1.418e-01 5.579e-05 1.537e-05 1.406e-04 -1.000 3.940e-04 3.515 4.289 3.738 3.503 3.459 3.473 3.486
0.00049103 -1.50000 10.06070 0.8026942015 2.4196631908    0.801  0.538  3.7983  3.949    2  0.000  0.529     0.00     0.00     0.00     0.00     0.00 -1 -5.09e-13      0.00 8.570e-01 1.426e-01 5.607e-05 1.545e-05 1.413e-04 -1.000 3.941e-04 3.425 4.218 3.658 3.408 3.358 3.367 3.378
0.00049103 -1.50000 10.06070 0.8044725657 2.4202787876    0.803  0.569  3.7928  3.897    2  0.000  0.529     0.00     0.00     0.00     0.00     0.00 -1  -5.8e-13      0.00 8.564e-01 1.432e-01 5.628e-05 1.551e-05 1.419e-04 -1.000 3.943e-04 3.348 4.165 3.592 3.325 3.266 3.271 3.280
0.00049103 -1.50000 10.06070 0.8058606386 2.4207570553    0.804  0.597  3.7859  3.842    2  0.000  0.529     0.00     0.00     0.00     0.00     0.00 -1 -6.58e-13      0.00 8.560e-01 1.436e-01 5.645e-05 1.555e-05 1.423e-04 -1.000 3.943e-04 3.278 4.128 3.539 3.250 3.180 3.178 3.184
0.00049103 -1.50000 10.06070 0.8069774508 2.4211404324    0.805  0.621  3.7791  3.792    2  0.000  0.530     0.00     0.00     0.00     0.00     0.00 -1 -7.37e-13      0.00 8.428e-01 1.568e-01 6.065e-05 1.669e-05 1.526e-04 -1.000 3.918e-04 3.219 4.104 3.497 3.185 3.105 3.096 3.100
0.00049103 -1.50000 10.06070 0.8079076409 2.4214589596    0.806  0.642  3.7722  3.744    2  0.000  0.532     0.00     0.00     0.00     0.00     0.00 -1 -8.17e-13      0.00 8.231e-01 1.765e-01 6.659e-05 1.830e-05 1.670e-04 -1.000 3.855e-04 3.166 4.094 3.463 3.128 3.037 3.021 3.022
0.00049103 -1.50000 10.06070 0.8087180853 2.4217357635    0.807  0.662  3.7654  3.697    2  0.000  0.533     0.00     0.00     0.00     0.00     0.00 -1 -9.03e-13      0.00 8.041e-01 1.955e-01 7.211e-05 1.978e-05 1.802e-04 -1.000 3.972e-04 3.115 4.087 3.431 3.073 2.971 2.948 2.947
0.00049103 -1.50000 10.06070 0.8094658256 2.4219903946    0.808  0.684  3.7587  3.648    2  0.000  0.535     0.00     0.00     0.00     0.00     0.00 -1 -1.01e-12      0.00 7.889e-01 2.107e-01 7.645e-05 2.094e-05 1.905e-04 -1.000 4.124e-04 3.059 4.076 3.395 3.013 2.901 2.872 2.868
0.00049103 -1.50000 10.06070 0.8102164268 2.4222457409    0.808  0.714  3.7521  3.592    2  0.000  0.536     0.00     0.00     0.00     0.00     0.00 -1 -1.15e-12      0.00 7.788e-01 2.208e-01 7.931e-05 2.170e-05 1.974e-04 -1.000 4.415e-04 2.984 4.051 3.341 2.937 2.815 2.778 2.772
0.00049103 -1.50000 10.06070 0.8108035326 2.4224450588    0.809  0.745  3.7476  3.543    2  0.000  0.536     0.00     0.00     0.00     0.00     0.00 -1 -1.31e-12      0.00 7.735e-01 2.260e-01 8.078e-05 2.209e-05 2.009e-04 -1.000 4.542e-04 2.906 4.007 3.278 2.858 2.729 2.688 2.679
0.00049103 -1.50000 10.06070 0.8113846183 2.4226417542    0.810  0.783  3.7437  3.490    2  0.000  0.536     0.00     0.00     0.00     0.00     0.00 -1 -1.52e-12      0.00 7.698e-01 2.298e-01 8.182e-05 2.237e-05 2.034e-04 -1.000 3.960e-04 2.813 3.943 3.198 2.764 2.629 2.584 2.574
0.00049103 -1.50000 10.06070 0.8115713000 2.4227049351    0.810  0.798  3.7427  3.472    2  0.000  0.537     0.00     0.00     0.00     0.00     0.00 -1  -1.6e-12      0.00 7.689e-01 2.307e-01 8.205e-05 2.243e-05 2.039e-04 -1.000 4.276e-04 2.776 3.914 3.164 2.727 2.591 2.544 2.534
0.00049103 -1.50000 10.06070 0.8120723367 2.4228744507    0.810  0.839  3.7403  3.421    3  0.000  0.537     0.00     0.00     0.00     0.00     0.00 -1 -1.86e-12      0.00 7.664e-01 2.331e-01 8.263e-05 2.259e-05 2.053e-04 -1.000 4.840e-04 2.674 3.831 3.070 2.626 2.485 2.436 2.424
0.00049103 -1.50000 10.06070 0.8126202822 2.4230594635    0.811  0.887  3.7379  3.363    3  0.000  0.537     0.00     0.00     0.00     0.00     0.00 -1 -2.22e-12      0.00 7.641e-01 2.355e-01 8.314e-05 2.272e-05 2.065e-04 -1.000 4.571e-04 2.552 3.730 2.957 2.505 2.361 2.309 2.296
0.00049103 -1.50000 10.06070 0.8130855560 2.4232163429    0.811  0.932  3.7361  3.312    3  0.000  0.537     0.00     0.00     0.00     0.00     0.00 -1 -2.61e-12      0.00 7.622e-01 2.374e-01 8.350e-05 2.282e-05 2.074e-04 -1.000 4.566e-04 2.440 3.633 2.852 2.394 2.247 2.193 2.179
0.00049103 -1.50000 10.06070 0.8135300875 2.4233660698    0.811  0.978  3.7344  3.259    3  0.000  0.537     0.00     0.00     0.00     0.00     0.00 -1 -3.08e-12      0.00 7.604e-01 2.391e-01 8.378e-05 2.290e-05 2.081e-04 -1.000 4.940e-04 2.326 3.533 2.743 2.280 2.131 2.074 2.060
0.00049103 -1.50000 10.06070 0.8139816523 2.4235177040    0.812  1.028  3.7328  3.203    3  0.000  0.537     0.00     0.00     0.00     0.00     0.00 -1 -3.69e-12      0.00 7.586e-01 2.409e-01 8.401e-05 2.298e-05 2.087e-04 -1.000 4.843e-04 2.200 3.421 2.624 2.155 2.003 1.945 1.930
0.00049103 -1.50000 10.06070 0.8143966794 2.4236571789    0.812  1.078  3.7312  3.147    3  0.000  0.536     0.00     0.00     0.00     0.00     0.00 -1 -4.41e-12      0.00 7.569e-01 2.426e-01 8.412e-05 2.306e-05 2.092e-04 -1.000 4.770e-04 2.076 3.309 2.505 2.032 1.878 1.818 1.801
0.00049103 -1.50000 10.06070 0.8147692084 2.4237821102    0.812  1.126  3.7297  3.092    3  0.000  0.535     0.00     0.00     0.00     0.00     0.00 -1 -5.24e-12      0.00 7.554e-01 2.442e-01 8.412e-05 2.315e-05 2.096e-04 -1.000 4.614e-04 1.955 3.200 2.390 1.912 1.755 1.694 1.676
0.00049103 -1.50000 10.06070 0.8150949478 2.4238913059    0.813  1.172  3.7283  3.041    3  0.000  0.534     0.00     0.00     0.00     0.00     0.00 -1 -6.17e-12      0.00 7.540e-01 2.456e-01 8.401e-05 2.329e-05 2.099e-04 -1.000 4.512e-04 1.840 3.098 2.281 1.799 1.640 1.577 1.559
0.00049103 -1.50000 10.06070 0.8154122829 2.4239976406    0.813  1.220  3.7268  2.987    3  0.000  0.532     0.00     0.00     0.00     0.00     0.00 -1 -7.35e-12      0.00 7.527e-01 2.468e-01 8.378e-05 2.350e-05 2.102e-04 -1.000 4.920e-04 1.719 2.990 2.165 1.679 1.518 1.452 1.434
0.00049103 -1.50000 10.06070 0.8157166839 2.4240994453    0.813  1.271  3.7252  2.929    3  0.000  0.529     0.00     0.00     0.00     0.00     0.00 -1 -8.83e-12      0.00 7.516e-01 2.479e-01 8.344e-05 2.381e-05 2.104e-04 -1.000 4.686e-04 1.592 2.878 2.044 1.552 1.389 1.322 1.302
0.00049103 -1.50000 10.06070 0.8159719110 2.4241847992    0.813  1.318  3.7237  2.877    3  0.000  0.526     0.00     0.00     0.00     0.00     0.00 -1 -1.04e-11      0.00 7.507e-01 2.488e-01 8.309e-05 2.416e-05 2.105e-04 -1.000 4.479e-04 1.475 2.775 1.934 1.437 1.271 1.202 1.182
0.00049103 -1.50000 10.06070 0.8162046671 2.4242625237    0.813  1.364  3.7222  2.825    3  0.000  0.524     0.00     0.00     0.00     0.00     0.00 -1 -1.23e-11      0.00 7.500e-01 2.495e-01 8.275e-05 2.452e-05 2.106e-04 -1.000 4.920e-04 1.360 2.674 1.824 1.323 1.154 1.084 1.063
0.00049103 -1.50000 10.06070 0.8164235950 2.4243357182    0.813  1.411  3.7205  2.771    3  0.000  0.521     0.00     0.00     0.00     0.00     0.00 -1 -1.46e-11      0.00 7.494e-01 2.501e-01 8.242e-05 2.486e-05 2.108e-04 -1.000 4.846e-04 1.242 2.571 1.713 1.206 1.035 0.963 0.941
0.00049103 -1.50000 10.06070 0.8166171312 2.4244003296    0.813  1.456  3.7189  2.720    3  0.000  0.520     0.00     0.00     0.00     0.00     0.00 -1 -1.72e-11      0.00 7.490e-01 2.505e-01 8.219e-05 2.512e-05 2.108e-04 -1.000 4.797e-04 1.129 2.473 1.606 1.094 0.921 0.846 0.823
0.00049103 -1.50000 10.06070 0.8168011904 2.4244616032    0.813  1.504  3.7172  2.666    3  0.000  0.519     0.00     0.00     0.00     0.00     0.00 -1 -2.04e-11      0.00 7.487e-01 2.508e-01 8.201e-05 2.533e-05 2.109e-04 -1.000 4.869e-04 1.011 2.372 1.496 0.978 0.801 0.725 0.701
0.00049103 -1.50000 10.06070 0.8169634342 2.4245157242    0.813  1.549  3.7155  2.613    3  0.000  0.518     0.00     0.00     0.00     0.00     0.00 -1 -2.41e-11      0.00 7.485e-01 2.510e-01 8.189e-05 2.546e-05 2.109e-04 -1.000 4.940e-04 0.897 2.275 1.390 0.866 0.687 0.608 0.583
0.00049103 -1.50000 10.06070 0.8171078563 2.4245638847    0.813  1.593  3.7139  2.563    3  0.000  0.517     0.00     0.00     0.00     0.00     0.00 -1 -2.83e-11      0.00 7.484e-01 2.511e-01 8.183e-05 2.554e-05 2.109e-04 -1.000 4.941e-04 0.787 2.182 1.288 0.758 0.576 0.495 0.469
0.00049103 -1.50000 10.06070 0.8172454238 2.4246096611    0.813  1.639  3.7121  2.510    3  0.000  0.517     0.00     0.00     0.00     0.00     0.00 -1 -3.34e-11      0.00 7.484e-01 2.511e-01 8.181e-05 2.557e-05 2.109e-04 -1.000 4.940e-04 0.673 2.085 1.181 0.645 0.461 0.378 0.351
0.00049103 -1.50000 10.06070 0.8173699379 2.4246511459    0.813  1.684  3.7103  2.458    3  0.000  0.517     0.00     0.00     0.00     0.00     0.00 -1 -3.93e-11      0.00 7.484e-01 2.511e-01 8.180e-05 2.558e-05 2.109e-04 -1.000 4.940e-04 0.561 1.994 1.077 0.534 0.347 0.262 0.234
0.00049103 -1.50000 10.06070 0.8174796104 2.4246876240    0.813  1.727  3.7085  2.408    3  0.000  0.517     0.00     0.00     0.00     0.00     0.00 -1  -4.6e-11      0.00 7.484e-01 2.511e-01 8.180e-05 2.558e-05 2.109e-04 -1.000 4.941e-04 0.453 1.908 0.978 0.428 0.237 0.150 0.122
0.00049103 -1.50000 10.06070 0.8175803423 2.4247210026    0.813  1.769  3.7068  2.358    3  0.000  0.517     0.00     0.00     0.00     0.00     0.00 -1 -5.37e-11      0.00 7.484e-01 2.511e-01 8.179e-05 2.559e-05 2.109e-04 -1.000 4.941e-04 0.347 1.824 0.880 0.323 0.129 0.040 0.010
0.00049103 -1.50000 10.06070 0.8176777959 2.4247534275    0.813  1.814  3.7049  2.305    3  0.000  0.517     0.00     0.00     0.00     0.00     0.00 -1 -6.32e-11      0.00 7.484e-01 2.511e-01 8.179e-05 2.560e-05 2.109e-04 -1.000 4.940e-04 0.235 1.737 0.778 0.213 0.016 -0.076 -0.106
0.00049103 -1.50000 10.06070 0.8177631497 2.4247817993    0.813  1.856  3.7030  2.256    3  0.000  0.517     0.00     0.00     0.00     0.00     0.00 -1 -7.38e-11      0.00 7.484e-01 2.511e-01 8.178e-05 2.560e-05 2.109e-04 -1.000 4.941e-04 0.130 1.655 0.682 0.109 -0.091 -0.185 -0.216
0.00049103 -1.50000 10.06070 0.8178416491 2.4248080254    0.812  1.898  3.7012  2.207    3  0.000  0.517     0.00     0.00     0.00     0.00     0.00 -1  -8.6e-11      0.00 7.484e-01 2.511e-01 8.178e-05 2.561e-05 2.109e-04 -1.000 4.941e-04 0.026 1.575 0.588 0.007 -0.197 -0.292 -0.325
0.00049103 -1.50000 10.06070 0.8179159760 2.4248325825    0.812  1.940  3.6993  2.157    3  0.000  0.517     0.00     0.00     0.00     0.00     0.00 -1    -1e-10      0.00 7.484e-01 2.511e-01 8.177e-05 2.561e-05 2.110e-04 -1.000 4.940e-04 -0.079 1.495 0.493 -0.097 -0.303 -0.401 -0.435
0.00049103 -1.50000 10.06070 0.8179813623 2.4248545170    0.812  1.979  3.6974  2.110    3  0.000  0.517     0.00     0.00     0.00     0.00     0.00 -1 -1.16e-10      0.00 7.484e-01 2.512e-01 8.177e-05 2.562e-05 2.110e-04 -1.000 4.941e-04 -0.177 1.422 0.406 -0.192 -0.402 -0.502 -0.537
0.00049103 -1.50000 10.06070 0.8180443048 2.4248752594    0.811  2.016  3.6957  2.066    3  0.000  0.517     0.00     0.00     0.00     0.00     0.00 -1 -1.33e-10      0.00 7.483e-01 2.512e-01 8.177e-05 2.562e-05 2.110e-04 -1.000 4.940e-04 -0.270 1.353 0.322 -0.283 -0.496 -0.599 -0.634
0.00049103 -1.50000 10.06070 0.8181096911 2.4248969555    0.811  2.050  3.6941  2.026    3  0.000  0.517     0.00     0.00     0.00     0.00     0.00 -1 -1.51e-10      0.00 7.483e-01 2.512e-01 8.176e-05 2.563e-05 2.110e-04 -1.000 4.941e-04 -0.354 1.291 0.248 -0.365 -0.581 -0.685 -0.722
0.00049103 -1.50000 10.06070 0.8181681633 2.4249165058    0.811  2.074  3.6930  1.997    3  0.000  0.517     0.00     0.00     0.00     0.00     0.00 -1 -1.65e-10      0.00 7.483e-01 2.512e-01 8.176e-05 2.563e-05 2.110e-04 -1.000 4.941e-04 -0.415 1.246 0.193 -0.424 -0.642 -0.748 -0.785
0.00049103 -1.50000 10.06070 0.8182163835 2.4249324799    0.810  2.058  3.6941  2.017    3  0.000  0.517     0.00     0.00     0.00     0.00     0.00 -1 -1.57e-10      0.00 7.483e-01 2.512e-01 8.176e-05 2.564e-05 2.110e-04 -1.000 4.940e-04 -0.375 1.270 0.227 -0.386 -0.602 -0.707 -0.743
0.00049103 -1.50000 10.06070 0.8182227612 2.4249346256    0.810  2.056  3.6942  2.020    3  0.000  0.517     0.00     0.00     0.00     0.00     0.00 -1 -1.56e-10      0.00 7.483e-01 2.512e-01 8.176e-05 2.564e-05 2.110e-04 -1.000 4.941e-04 -0.370 1.274 0.231 -0.381 -0.596 -0.701 -0.737
0.00049103 -1.50000 10.06070 0.8182553053 2.4249453545    0.810  2.082  3.6930  1.988    3  0.000  0.517     0.00     0.00     0.00     0.00     0.00 -1  -1.7e-10      0.00 7.483e-01 2.512e-01 8.176e-05 2.564e-05 2.110e-04 -1.000 4.940e-04 -0.436 1.226 0.173 -0.445 -0.663 -0.769 -0.806
0.00049103 -1.50000 10.06070 0.8183046579 2.4249618053    0.810  2.125  3.6908  1.937    3  0.000  0.517     0.00     0.00     0.00     0.00     0.00 -1 -1.98e-10      0.00 7.483e-01 2.512e-01 8.175e-05 2.564e-05 2.110e-04 -1.000 4.941e-04 -0.542 1.155 0.080 -0.548 -0.770 -0.879 -0.917
0.00049103 -1.50000 10.06070 0.8183506727 2.4249770641    0.809  2.167  3.6886  1.886    3  0.000  0.517     0.00     0.00     0.00     0.00     0.00 -1 -2.32e-10      0.00 7.483e-01 2.512e-01 8.175e-05 2.564e-05 2.110e-04 -1.000 4.940e-04 -0.647 1.086 -0.011 -0.650 -0.876 -0.988 -1.028
0.00049103 -1.50000 10.06070 0.8183930516 2.4249911308    0.809  2.209  3.6865  1.835    3  0.000  0.517     0.00     0.00     0.00     0.00     0.00 -1 -2.71e-10      0.00 7.483e-01 2.512e-01 8.175e-05 2.565e-05 2.110e-04 -1.000 4.941e-04 -0.752 1.017 -0.102 -0.751 -0.982 -1.097 -1.137
0.00049103 -1.50000 10.06070 0.8184303045 2.4250035286    0.808  2.249  3.6843  1.786    3  0.000  0.517     0.00     0.00     0.00     0.00     0.00 -1 -3.14e-10      0.00 7.483e-01 2.512e-01 8.175e-05 2.565e-05 2.110e-04 -1.000 4.941e-04 -0.852 0.976 -0.186 -0.852 -1.085 -1.202 -1.244
0.00049103 -1.50000 10.06070 0.8184666038 2.4250154495    0.808  2.290  3.6821  1.735    3  0.000  0.517     0.00     0.00     0.00     0.00     0.00 -1 -3.67e-10      0.00 7.483e-01 2.512e-01 8.175e-05 2.565e-05 2.110e-04 -1.000 4.941e-04 -0.956 0.928 -0.273 -0.956 -1.192 -1.312 -1.355
0.00049103 -1.50000 10.06070 0.8184985518 2.4250261784    0.807  2.329  3.6798  1.687    3  0.000  0.517     0.00     0.00     0.00     0.00     0.00 -1 -4.24e-10      0.00 7.483e-01 2.512e-01 8.174e-05 2.565e-05 2.110e-04 -1.000 4.941e-04 -1.054 0.890 -0.353 -1.053 -1.293 -1.415 -1.460
0.00049103 -1.50000 10.06070 0.8185294867 2.4250364304    0.806  2.370  3.6776  1.637    3  0.000  0.517     0.00     0.00     0.00     0.00     0.00 -1 -4.94e-10      0.00 7.483e-01 2.512e-01 8.174e-05 2.566e-05 2.110e-04 -1.000 4.941e-04 -1.155 0.848 -0.435 -1.152 -1.396 -1.522 -1.568
0.00049103 -1.50000 10.06070 0.8185569644 2.4250454903    0.806  2.409  3.6753  1.589    3  0.000  0.517     0.00     0.00     0.00     0.00     0.00 -1 -5.71e-10      0.00 7.483e-01 2.512e-01 8.174e-05 2.566e-05 2.110e-04 -1.000 4.941e-04 -1.252 0.816 -0.511 -1.247 -1.495 -1.623 -1.671
0.00049103 -1.50000 10.06070 0.8185889721 2.4250562191    0.805  2.457  3.6725  1.528    3  0.000  0.517     0.00     0.00     0.00     0.00     0.00 -1 -6.84e-10      0.00 7.483e-01 2.512e-01 8.174e-05 2.566e-05 2.110e-04 -1.000 4.940e-04 -1.373 0.778 -0.605 -1.365 -1.619 -1.751 -1.801
0.00049103 -1.50000 10.06070 0.8186174631 2.4250655174    0.804  2.504  3.6695  1.469    3  0.000  0.517     0.00     0.00     0.00     0.00     0.00 -1 -8.16e-10      0.00 7.483e-01 2.512e-01 8.174e-05 2.566e-05 2.110e-04 -1.000 4.941e-04 -1.491 0.712 -0.697 -1.472 -1.734 -1.870 -1.922
0.00049103 -1.50000 10.06070 0.8186398149 2.4250729084    0.803  2.544  3.6673  1.420    3  0.000  0.517     0.00     0.00     0.00     0.00     0.00 -1 -9.48e-10      0.00 7.483e-01 2.512e-01 8.174e-05 2.566e-05 2.110e-04 -1.000 4.940e-04 -1.590 0.689 -0.770 -1.567 -1.834 -1.973 -2.027
0.00049103 -1.50000 10.06070 0.8186635971 2.4250807762    0.802  2.589  3.6643  1.362    3  0.000  0.517     0.00     0.00     0.00     0.00     0.00 -1 -1.12e-09      0.00 7.483e-01 2.512e-01 8.174e-05 2.567e-05 2.110e-04 -1.000 4.941e-04 -1.703 0.676 -0.849 -1.675 -1.948 -2.092 -2.148
0.00049103 -1.50000 10.06070 0.8186826110 2.4250872135    0.801  2.628  3.6619  1.313    3  0.000  0.517     0.00     0.00     0.00     0.00     0.00 -1  -1.3e-09      0.00 7.483e-01 2.512e-01 8.174e-05 2.567e-05 2.110e-04 -1.000 4.941e-04 -1.801 0.665 -0.916 -1.768 -2.047 -2.194 -2.251
0.00049103 -1.50000 10.06070 0.8187026381 2.4250938892    0.799  2.672  3.6590  1.257    3  0.000  0.517     0.00     0.00     0.00     0.00     0.00 -1 -1.54e-09      0.00 7.483e-01 2.512e-01 8.173e-05 2.567e-05 2.110e-04 -1.000 4.941e-04 -1.910 0.668 -0.987 -1.871 -2.157 -2.309 -2.368
0.00049103 -1.50000 10.06070 0.8187218904 2.4251003265    0.798  2.718  3.6560  1.198    3  0.000  0.517     0.00     0.00     0.00     0.00     0.00 -1 -1.83e-09      0.00 7.483e-01 2.512e-01 8.173e-05 2.567e-05 2.110e-04 -1.000 4.940e-04 -2.024 0.655 -1.061 -1.974 -2.268 -2.425 -2.487
0.00049103 -1.50000 10.06070 0.8187398314 2.4251062870    0.796  2.764  3.6530  1.139    3  0.000  0.517     0.00     0.00     0.00     0.00     0.00 -1 -2.18e-09      0.00 7.483e-01 2.512e-01 8.173e-05 2.567e-05 2.110e-04 -1.000 4.941e-04 -2.139 0.634 -1.138 -2.077 -2.380 -2.541 -2.606
0.00049103 -1.50000 10.06070 0.8187553883 2.4251112938    0.794  2.806  3.6500  1.084    3  0.000  0.517     0.00     0.00     0.00     0.00     0.00 -1 -2.57e-09      0.00 7.483e-01 2.512e-01 8.173e-05 2.567e-05 2.110e-04 -1.000 4.940e-04 -2.246 0.619 -1.207 -2.172 -2.483 -2.650 -2.717
0.00049103 -1.50000 10.06070 0.8187706470 2.4251163006    0.792  2.851  3.6470  1.025    3  0.000  0.517     0.00     0.00     0.00     0.00     0.00 -1 -3.05e-09      0.00 7.483e-01 2.512e-01 8.173e-05 2.567e-05 2.110e-04 -1.000 4.941e-04 -2.358 0.600 -1.280 -2.271 -2.591 -2.763 -2.832
0.00049103 -1.50000 10.06070 0.8187838793 2.4251208305    0.790  2.893  3.6440  0.970    3  0.000  0.517     0.00     0.00     0.00     0.00     0.00 -1 -3.58e-09      0.00 7.483e-01 2.512e-01 8.173e-05 2.568e-05 2.110e-04 -1.000 4.941e-04 -2.463 0.596 -1.341 -2.361 -2.690 -2.868 -2.940
0.00049103 -1.50000 10.06070 0.8187966943 2.4251251221    0.788  2.937  3.6410  0.913    3  0.000  0.517     0.00     0.00     0.00     0.00     0.00 -1 -4.23e-09      0.00 7.483e-01 2.512e-01 8.173e-05 2.568e-05 2.110e-04 -1.000 4.941e-04 -2.572 0.592 -1.404 -2.455 -2.794 -2.978 -3.052
0.00049103 -1.50000 10.06070 0.8188086748 2.4251289368    0.785  2.981  3.6379  0.856    3  0.000  0.517     0.00     0.00     0.00     0.00     0.00 -1 -5.01e-09      0.00 7.483e-01 2.512e-01 8.173e-05 2.568e-05 2.110e-04 -1.000 4.941e-04 -2.682 0.592 -1.464 -2.547 -2.897 -3.087 -3.164
0.00049103 -1.50000 10.06070 0.8188192248 2.4251325130    0.782  3.021  3.6348  0.801    3  0.000  0.517     0.00     0.00     0.00     0.00     0.00 -1 -5.88e-09      0.00 7.483e-01 2.512e-01 8.173e-05 2.568e-05 2.110e-04 -1.000 4.941e-04 -2.783 0.598 -1.515 -2.631 -2.992 -3.187 -3.267
0.00049103 -1.50000 10.06070 0.8188294172 2.4251358509    0.779  3.063  3.6318  0.745    3  0.000  0.517     0.00     0.00     0.00     0.00     0.00 -1 -6.91e-09      0.00 7.483e-01 2.512e-01 8.173e-05 2.568e-05 2.110e-04 -1.000 4.940e-04 -2.889 0.600 -1.569 -2.719 -3.090 -3.292 -3.374
0.00049103 -1.50000 10.06070 0.8188389540 2.4251389503    0.776  3.105  3.6287  0.689    3  0.000  0.517     0.00     0.00     0.00     0.00     0.00 -1 -8.14e-09      0.00 7.483e-01 2.512e-01 8.173e-05 2.568e-05 2.110e-04 -1.000 4.940e-04 -2.994 0.606 -1.620 -2.804 -3.186 -3.395 -3.480
0.00049103 -1.50000 10.06070 0.8188475966 2.4251418114    0.772  3.146  3.6257  0.634    3  0.000  0.517     0.00     0.00     0.00     0.00     0.00 -1 -9.55e-09      0.00 7.483e-01 2.512e-01 8.173e-05 2.568e-05 2.110e-04 -1.000 4.940e-04 -3.095 0.611 -1.668 -2.885 -3.279 -3.494 -3.583
0.00049103 -1.50000 10.06070 0.8188562393 2.4251446724    0.767  3.189  3.6227  0.577    3  0.000  0.517     0.00     0.00     0.00     0.00     0.00 -1 -1.13e-08      0.00 7.483e-01 2.512e-01 8.173e-05 2.568e-05 2.110e-04 -1.000 4.940e-04 -3.202 0.612 -1.720 -2.972 -3.377 -3.599 -3.690
0.00049103 -1.50000 10.06070 0.8188639283 2.4251472950    0.763  3.229  3.6196  0.521    3  0.000  0.517     0.00     0.00     0.00     0.00     0.00 -1 -1.33e-08      0.00 7.483e-01 2.512e-01 8.173e-05 2.568e-05 2.110e-04 -1.000 4.941e-04 -3.304 0.618 -1.766 -3.052 -3.469 -3.698 -3.792
0.00049103 -1.50000 10.06070 0.8188713789 2.4251496792    0.758  3.270  3.6166  0.465    3  0.000  0.517     0.00     0.00     0.00     0.00     0.00 -1 -1.56e-08      0.00 7.483e-01 2.512e-01 8.173e-05 2.568e-05 2.110e-04 -1.000 4.941e-04 -3.406 0.621 -1.805 -3.130 -3.561 -3.797 -3.894
0.00049103 -1.50000 10.06070 0.8188776374 2.4251518250    0.753  3.303  3.6142  0.421    3  0.000  0.517     0.00     0.00     0.00     0.00     0.00 -1 -1.78e-08      0.00 7.483e-01 2.512e-01 8.173e-05 2.568e-05 2.110e-04 -1.000 4.941e-04 -3.487 0.621 -1.833 -3.190 -3.633 -3.876 -3.975
0.00049103 -1.50000 10.06070 0.8188776374 2.4251518250    0.753  1.733  3.7642  2.590    4  0.000  0.525     0.00     0.00     0.00     0.00     0.00 -1    -1e-30      0.00 7.422e-01 2.573e-01 8.499e-05 2.500e-05 2.160e-04 -1.000 4.941e-04 0.437 1.387 0.723 0.385 0.290 0.264 0.261
0.00049103 -1.50000 10.06070 0.8189297915 2.4251692295    0.753  1.751  3.7621  2.564    4  0.000  0.525     0.00     0.00     0.00     0.00     0.00 -1    -1e-30      0.00 7.422e-01 2.573e-01 8.499e-05 2.500e-05 2.160e-04 -1.000 4.941e-04 0.393 1.356 0.685 0.341 0.242 0.213 0.210
0.00049103 -1.50000 10.06070 0.8189796805 2.4251856804    0.753  1.753  3.7621  2.561    4  0.000  0.525     0.00     0.00     0.00     0.00     0.00 -1    -1e-30      0.00 7.422e-01 2.573e-01 8.499e-05 2.500e-05 2.160e-04 -1.000 4.941e-04 0.387 1.350 0.679 0.335 0.236 0.207 0.203
0.00049103 -1.50000 10.06070 0.8190299273 2.4252023697    0.753  1.754  3.7624  2.562    4  0.000  0.525     0.00     0.00     0.00     0.00     0.00 -1    -1e-30      0.00 7.422e-01 2.573e-01 8.499e-05 2.500e-05 2.160e-04 -1.000 4.942e-04 0.384 1.345 0.676 0.332 0.234 0.206 0.202
0.00049103 -1.50000 10.06070 0.8190811276 2.4252192974    0.753  1.755  3.7629  2.564    4  0.000  0.525     0.00     0.00     0.00     0.00     0.00 -1    -1e-30      0.00 7.422e-01 2.573e-01 8.499e-05 2.500e-05 2.160e-04 -1.000 4.941e-04 0.383 1.340 0.672 0.331 0.234 0.206 0.202
0.00049103 -1.50000 10.06070 0.8191332221 2.4252364635    0.753  1.755  3.7637  2.567    4  0.000  0.525     0.00     0.00     0.00     0.00     0.00 -1    -1e-30      0.00 7.422e-01 2.573e-01 8.499e-05 2.500e-05 2.160e-04 -1.000 4.941e-04 0.383 1.335 0.669 0.331 0.235 0.208 0.205
0.00049103 -1.50000 10.06070 0.8191859126 2.4252541065    0.753  1.754  3.7648  2.572    4  0.000  0.525     0.00     0.00     0.00     0.00     0.00 -1    -1e-30      0.00 7.422e-01 2.573e-01 8.499e-05 2.500e-05 2.160e-04 -1.000 4.941e-04 0.384 1.329 0.667 0.332 0.238 0.212 0.209
0.00049103 -1.50000 10.06070 0.8192371726 2.4252710342    0.753  1.754  3.7660  2.577    4  0.000  0.525     0.00     0.00     0.00     0.00     0.00 -1    -1e-30      0.00 7.422e-01 2.573e-01 8.499e-05 2.500e-05 2.160e-04 -1.000 4.941e-04 0.386 1.323 0.664 0.334 0.242 0.217 0.215
0.00049103 -1.50000 10.06070 0.8192892671 2.4252882004    0.753  1.752  3.7674  2.584    4  0.000  0.525     0.00     0.00     0.00     0.00     0.00 -1    -1e-30      0.00 7.422e-01 2.573e-01 8.499e-05 2.500e-05 2.160e-04 -1.000 4.941e-04 0.389 1.316 0.662 0.336 0.247 0.223 0.221
0.00049103 -1.50000 10.06070 0.8193438649 2.4253063202    0.753  1.751  3.7688  2.591    4  0.000  0.525     0.00     0.00     0.00     0.00     0.00 -1    -1e-30      0.00 7.422e-01 2.573e-01 8.499e-05 2.500e-05 2.160e-04 -1.000 4.941e-04 0.391 1.309 0.659 0.339 0.252 0.230 0.228
0.00049103 -1.50000 10.06070 0.8193983436 2.4253244400    0.753  1.750  3.7702  2.597    4  0.000  0.525     0.00     0.00     0.00     0.00     0.00 -1    -1e-30      0.00 7.422e-01 2.573e-01 8.499e-05 2.500e-05 2.160e-04 -1.000 4.941e-04 0.394 1.302 0.656 0.341 0.257 0.236 0.235
0.00049103 -1.50000 10.06070 0.8194530606 2.4253423214    0.753  1.750  3.7715  2.603    4  0.000  0.525     0.00     0.00     0.00     0.00     0.00 -1    -1e-30      0.00 7.422e-01 2.573e-01 8.499e-05 2.500e-05 2.160e-04 -1.000 4.941e-04 0.396 1.295 0.653 0.343 0.261 0.242 0.241
0.00049103 -1.50000 10.06070 0.8195057511 2.4253599644    0.753  1.749  3.7727  2.609    4  0.000  0.525     0.00     0.00     0.00     0.00     0.00 -1    -1e-30      0.00 7.422e-01 2.573e-01 8.499e-05 2.500e-05 2.160e-04 -1.000 4.941e-04 0.398 1.289 0.651 0.345 0.265 0.246 0.247
0.00049103 -1.50000 10.06070 0.8195569515 2.4253768921    0.753  1.748  3.7737  2.613    4  0.000  0.525     0.00     0.00     0.00     0.00     0.00 -1    -1e-30      0.00 7.422e-01 2.573e-01 8.499e-05 2.500e-05 2.160e-04 -1.000 4.941e-04 0.399 1.283 0.648 0.346 0.267 0.250 0.251
0.00049103 -1.50000 10.06070 0.8196012378 2.4253914356    0.753  1.748  3.7744  2.616    4  0.000  0.525     0.00     0.00     0.00     0.00     0.00 -1    -1e-30      0.00 7.422e-01 2.573e-01 8.499e-05 2.500e-05 2.160e-04 -1.000 4.941e-04 0.399 1.279 0.646 0.346 0.269 0.253 0.254
0.00049103 -1.50000 10.06070 0.8196065426 2.4253931046    0.753  1.748  3.7745  2.617    4  0.000  0.525     0.00     0.00     0.00     0.00     0.00 -1    -1e-30      0.00 7.422e-01 2.573e-01 8.499e-05 2.500e-05 2.160e-04 -1.000 4.941e-04 0.399 1.279 0.646 0.346 0.269 0.253 0.254
0.00049103 -1.50000 10.06070 0.8196552992 2.4254093170    0.753  1.748  3.7749  2.618    4  0.000  0.525     0.00     0.00     0.00     0.00     0.00 -1    -1e-30      0.00 7.422e-01 2.573e-01 8.499e-05 2.500e-05 2.160e-04 -1.000 4.941e-04 0.399 1.275 0.644 0.346 0.270 0.254 0.255
0.00049103 -1.50000 10.06070 0.8197066188 2.4254262447    0.753  1.749  3.7751  2.619    4  0.000  0.525     0.00     0.00     0.00     0.00     0.00 -1    -1e-30      0.00 7.422e-01 2.573e-01 8.499e-05 2.500e-05 2.160e-04 -1.000 4.941e-04 0.398 1.273 0.642 0.345 0.269 0.253 0.254
0.00049103 -1.50000 10.06070 0.8197577596 2.4254431725    0.753  1.750  3.7750  2.617    4  0.000  0.525     0.00     0.00     0.00     0.00     0.00 -1    -1e-30      0.00 7.422e-01 2.573e-01 8.499e-05 2.500e-05 2.160e-04 -1.000 4.941e-04 0.396 1.272 0.640 0.343 0.267 0.251 0.252
0.00049103 -1.50000 10.06070 0.8198085427 2.4254601002    0.754  1.751  3.7744  2.614    4  0.000  0.525     0.00     0.00     0.00     0.00     0.00 -1    -1e-30      0.00 7.422e-01 2.573e-01 8.499e-05 2.500e-05 2.160e-04 -1.000 4.941e-04 0.393 1.272 0.639 0.339 0.263 0.246 0.247
0.00049103 -1.50000 10.06070 0.8198576570 2.4254763126    0.754  1.752  3.7737  2.609    4  0.000  0.525     0.00     0.00     0.00     0.00     0.00 -1    -1e-30      0.00 7.422e-01 2.573e-01 8.499e-05 2.500e-05 2.160e-04 -1.000 4.941e-04 0.389 1.273 0.638 0.336 0.258 0.240 0.241
0.00049103 -1.50000 10.06070 0.8199074864 2.4254927635    0.754  1.755  3.7725  2.602    4  0.000  0.525     0.00     0.00     0.00     0.00     0.00 -1    -1e-30      0.00 7.422e-01 2.573e-01 8.499e-05 2.500e-05 2.160e-04 -1.000 4.941e-04 0.383 1.276 0.637 0.330 0.250 0.231 0.232
0.00049103 -1.50000 10.06070 0.8199582696 2.4255094528    0.754  1.757  3.7711  2.595    4  0.000  0.525     0.00     0.00     0.00     0.00     0.00 -1    -1e-30      0.00 7.422e-01 2.573e-01 8.499e-05 2.500e-05 2.160e-04 -1.000 4.941e-04 0.377 1.279 0.636 0.324 0.241 0.222 0.221
0.00049103 -1.50000 10.06070 0.8199828267 2.4255175591    0.754  1.758  3.7705  2.591    4  0.000  0.525     0.00     0.00     0.00     0.00     0.00 -1    -1e-30      0.00 7.422e-01 2.573e-01 8.499e-05 2.500e-05 2.160e-04 -1.000 4.941e-04 0.374 1.280 0.635 0.321 0.237 0.217 0.216
0.00049103 -1.50000 10.06070 0.8199904561 2.4255201817    0.754  1.759  3.7702  2.589    4  0.000  0.525     0.00     0.00     0.00     0.00     0.00 -1    -1e-30      0.00 7.422e-01 2.573e-01 8.499e-05 2.500e-05 2.160e-04 -1.000 4.941e-04 0.373 1.281 0.635 0.320 0.235 0.215 0.214
0.00049103 -1.50000 10.06070 0.8200356960 2.4255349636    0.754  1.762  3.7685  2.579    4  0.000  0.525     0.00     0.00     0.00     0.00     0.00 -1    -1e-30      0.00 7.422e-01 2.573e-01 8.499e-05 2.500e-05 2.160e-04 -1.000 4.941e-04 0.365 1.284 0.633 0.312 0.225 0.202 0.201
0.00049103 -1.50000 10.06070 0.8200798035 2.4255497456    0.754  1.765  3.7668  2.569    4  0.000  0.525     0.00     0.00     0.00     0.00     0.00 -1    -1e-30      0.00 7.422e-01 2.573e-01 8.499e-05 2.500e-05 2.160e-04 -1.000 4.941e-04 0.356 1.287 0.631 0.304 0.213 0.189 0.187
0.00049103 -1.50000 10.06070 0.8201269507 2.4255652428    0.754  1.770  3.7647  2.557    4  0.000  0.525     0.00     0.00     0.00     0.00     0.00 -1    -1e-30      0.00 7.422e-01 2.573e-01 8.499e-05 2.500e-05 2.160e-04 -1.000 4.941e-04 0.346 1.290 0.628 0.293 0.199 0.173 0.170
0.00049103 -1.50000 10.06070 0.8201717734 2.4255800247    0.754  1.774  3.7628  2.544    4  0.000  0.525     0.00     0.00     0.00     0.00     0.00 -1    -1e-30      0.00 7.422e-01 2.573e-01 8.499e-05 2.500e-05 2.160e-04 -1.000 4.941e-04 0.334 1.292 0.624 0.282 0.184 0.157 0.153
0.00049103 -1.50000 10.06070 0.8202147484 2.4255943298    0.754  1.779  3.7609  2.532    4  0.000  0.525     0.00     0.00     0.00     0.00     0.00 -1    -1e-30      0.00 7.422e-01 2.573e-01 8.499e-05 2.500e-05 2.160e-04 -1.000 4.941e-04 0.323 1.293 0.619 0.270 0.170 0.140 0.136
0.00049103 -1.50000 10.06070 0.8202590942 2.4256088734    0.754  1.784  3.7591  2.520    4  0.000  0.525     0.00     0.00     0.00     0.00     0.00 -1    -1e-30      0.00 7.422e-01 2.573e-01 8.499e-05 2.500e-05 2.160e-04 -1.000 4.941e-04 0.310 1.293 0.613 0.258 0.154 0.123 0.118
0.00049103 -1.50000 10.06070 0.8203025460 2.4256231785    0.754  1.789  3.7574  2.508    4  0.000  0.525     0.00     0.00     0.00     0.00     0.00 -1    -1e-30      0.00 7.422e-01 2.573e-01 8.499e-05 2.500e-05 2.160e-04 -1.000 4.941e-04 0.297 1.293 0.607 0.245 0.138 0.105 0.099
0.00049103 -1.50000 10.06070 0.8203465939 2.4256377220    0.754  1.795  3.7557  2.495    4  0.000  0.525     0.00     0.00     0.00     0.00     0.00 -1    -1e-30      0.00 7.422e-01 2.573e-01 8.499e-05 2.500e-05 2.160e-04 -1.000 4.941e-04 0.282 1.292 0.599 0.231 0.122 0.087 0.080
0.00049103 -1.50000 10.06070 0.8203905821 2.4256522655    0.754  1.801  3.7540  2.482    4  0.000  0.525     0.00     0.00     0.00     0.00     0.00 -1    -1e-30      0.00 7.422e-01 2.573e-01 8.499e-05 2.500e-05 2.160e-04 -1.000 4.941e-04 0.267 1.290 0.591 0.216 0.104 0.067 0.060
0.00049103 -1.50000 10.06070 0.8204348683 2.4256668091    0.754  1.808  3.7521  2.468    4  0.000  0.525     0.00     0.00     0.00     0.00     0.00 -1    -1e-30      0.00 7.422e-01 2.573e-01 8.499e-05 2.500e-05 2.160e-04 -1.000 4.941e-04 0.249 1.286 0.580 0.198 0.083 0.044 0.036
0.00049103 -1.50000 10.06070 0.8204436898 2.4256699085    0.754  1.810  3.7518  2.465    4  0.000  0.525     0.00     0.00     0.00     0.00     0.00 -1    -1e-30      0.00 7.422e-01 2.573e-01 8.499e-05 2.500e-05 2.160e-04 -1.000 4.941e-04 0.245 1.284 0.577 0.195 0.078 0.039 0.031
0.00049103 -1.50000 10.06070 0.8204891086 2.4256846905    0.754  1.820  3.7494  2.445    4  0.000  0.525     0.00     0.00     0.00     0.00     0.00 -1    -1e-30      0.00 7.422e-01 2.573e-01 8.499e-05 2.500e-05 2.160e-04 -1.000 4.941e-04 0.219 1.277 0.560 0.169 0.049 0.007 -0.002
0.00049103 -1.50000 10.06070 0.8205339313 2.4256994724    0.754  1.834  3.7464  2.419    4  0.000  0.525     0.00     0.00     0.00     0.00     0.00 -1    -1e-30      0.00 7.422e-01 2.573e-01 8.499e-05 2.500e-05 2.160e-04 -1.000 4.941e-04 0.184 1.266 0.537 0.134 0.009 -0.036 -0.046
0.00049103 -1.50000 10.06070 0.8205715418 2.4257118702    0.754  1.867  3.7405  2.363    4  0.000  0.525     0.00     0.00     0.00     0.00     0.00 -1    -1e-30      0.00 7.422e-01 2.573e-01 8.499e-05 2.500e-05 2.160e-04 -1.000 4.941e-04 0.103 1.234 0.480 0.055 -0.080 -0.131 -0.144
0.00049103 -1.50000 10.06070 0.8205919266 2.4257187843    0.754  1.907  3.7339  2.296    4  0.000  0.525     0.00     0.00     0.00     0.00     0.00 -1    -1e-30      0.00 7.422e-01 2.573e-01 8.499e-05 2.500e-05 2.160e-04 -1.000 4.941e-04 0.003 1.195 0.406 -0.043 -0.190 -0.248 -0.264
0.00049103 -1.50000 10.06070 0.8206011653 2.4257216454    0.754  1.949  3.7279  2.231    4  0.000  0.525     0.00     0.00     0.00     0.00     0.00 -1    -1e-30      0.00 7.422e-01 2.573e-01 8.499e-05 2.500e-05 2.160e-04 -1.000 4.941e-04 -0.102 1.148 0.326 -0.146 -0.302 -0.367 -0.386
0.00049103 -1.50000 10.06070 0.8206052780 2.4257230759    0.754  1.989  3.7229  2.170    4  0.000  0.525     0.00     0.00     0.00     0.00     0.00 -1    -1e-30      0.00 7.422e-01 2.573e-01 8.499e-05 2.500e-05 2.160e-04 -1.000 4.941e-04 -0.203 1.100 0.247 -0.245 -0.409 -0.479 -0.501
0.00049103 -1.50000 10.06070 0.8206071854 2.4257237911    0.754  2.026  3.7188  2.117    4  0.000  0.525     0.00     0.00     0.00     0.00     0.00 -1    -1e-30      0.00 7.422e-01 2.573e-01 8.499e-05 2.500e-05 2.160e-04 -1.000 4.941e-04 -0.294 1.052 0.174 -0.334 -0.505 -0.580 -0.603
0.00049103 -1.50000 10.06070 0.8206079602 2.4257240295    0.754  2.047  3.7166  2.087    7  0.000  0.525     0.00     0.00     0.00     0.00     0.00 -1    -1e-30      0.00 7.422e-01 2.573e-01 8.499e-05 2.500e-05 2.160e-04 -1.000 4.941e-04 -0.347 1.024 0.132 -0.385 -0.560 -0.638 -0.662
0.00049103 -1.50000 10.06070 0.8206090331 2.4257242680    0.754  2.089  3.7129  2.031    7  0.000  0.525     0.00     0.00     0.00     0.00     0.00 -1    -1e-30      0.00 7.422e-01 2.573e-01 8.499e-05 2.500e-05 2.160e-04 -1.000 4.941e-04 -0.451 0.963 0.046 -0.487 -0.668 -0.750 -0.776
0.00049103 -1.50000 10.06070 0.8206100464 2.4257247448    0.754  2.123  3.7100  1.984    7  0.000  0.525     0.00     0.00     0.00     0.00     0.00 -1    -1e-30      0.00 7.422e-01 2.573e-01 8.499e-05 2.500e-05 2.160e-04 -1.000 4.941e-04 -0.539 0.911 -0.027 -0.572 -0.759 -0.844 -0.872
0.00049103 -1.50000 10.06070 0.8206109405 2.4257249832    0.754  2.149  3.7079  1.950    7  0.000  0.525     0.00     0.00     0.00     0.00     0.00 -1    -1e-30      0.00 7.422e-01 2.573e-01 8.499e-05 2.500e-05 2.160e-04 -1.000 4.941e-04 -0.603 0.875 -0.080 -0.634 -0.825 -0.912 -0.941
0.00049103 -1.50000 10.06070 0.8206118941 2.4257252216    0.754  2.169  3.7064  1.924    7  0.000  0.525     0.00     0.00     0.00     0.00     0.00 -1    -1e-30      0.00 7.422e-01 2.573e-01 8.499e-05 2.500e-05 2.160e-04 -1.000 4.941e-04 -0.652 0.846 -0.121 -0.682 -0.876 -0.965 -0.995
0.00049103 -1.50000 10.06070 0.8206132650 2.4257256985    0.754  2.170  3.7063  1.923    7  0.000  0.525     0.00     0.00     0.00     0.00     0.00 -1    -1e-30      0.00 7.422e-01 2.573e-01 8.499e-05 2.500e-05 2.160e-04 -1.000 4.941e-04 -0.656 0.844 -0.124 -0.686 -0.879 -0.969 -0.999
0.00049103 -1.50000 10.06070 0.8206158876 2.4257266521    0.754  2.165  3.7068  1.930    7  0.000  0.525     0.00     0.00     0.00     0.00     0.00 -1    -1e-30      0.00 7.422e-01 2.573e-01 8.499e-05 2.500e-05 2.160e-04 -1.000 4.941e-04 -0.642 0.851 -0.113 -0.672 -0.865 -0.954 -0.983
0.00049103 -1.50000 10.06070 0.8206202388 2.4257280827    0.754  2.154  3.7077  1.945    7  0.000  0.525     0.00     0.00     0.00     0.00     0.00 -1    -1e-30      0.00 7.422e-01 2.573e-01 8.499e-05 2.500e-05 2.160e-04 -1.000 4.941e-04 -0.614 0.866 -0.090 -0.645 -0.836 -0.924 -0.953
0.00049103 -1.50000 10.06070 0.8206465244 2.4257366657    0.754  2.163  3.7067  1.931    7  0.000  0.525     0.00     0.00     0.00     0.00     0.00 -1    -1e-30      0.00 7.422e-01 2.573e-01 8.499e-05 2.500e-05 2.160e-04 -1.000 4.941e-04 -0.639 0.856 -0.109 -0.669 -0.862 -0.951 -0.980
0.00049103 -1.50000 10.06070 0.8206624985 2.4257419109    0.755  2.180  3.7052  1.909    7  0.000  0.525     0.00     0.00     0.00     0.00     0.00 -1    -1e-30      0.00 7.422e-01 2.573e-01 8.499e-05 2.500e-05 2.160e-04 -1.000 4.941e-04 -0.680 0.835 -0.142 -0.709 -0.904 -0.995 -1.025
0.00049103 -1.50000 10.06070 0.8206818700 2.4257483482    0.755  2.220  3.7020  1.856    7  0.000  0.525     0.00     0.00     0.00     0.00     0.00 -1    -1e-30      0.00 7.422e-01 2.573e-01 8.499e-05 2.500e-05 2.160e-04 -1.000 4.941e-04 -0.779 0.781 -0.223 -0.804 -1.006 -1.101 -1.133
0.00049103 -1.50000 10.06070 0.8207016587 2.4257547855    0.755  2.263  3.6986  1.800    7  0.000  0.525     0.00     0.00     0.00     0.00     0.00 -1    -1e-30      0.00 7.422e-01 2.573e-01 8.499e-05 2.500e-05 2.160e-04 -1.000 4.941e-04 -0.886 0.723 -0.311 -0.908 -1.116 -1.215 -1.249
0.00049103 -1.50000 10.06070 0.8207194805 2.4257607460    0.755  2.305  3.6954  1.744    7  0.000  0.525     0.00     0.00     0.00     0.00     0.00 -1    -1e-30      0.00 7.422e-01 2.573e-01 8.499e-05 2.500e-05 2.160e-04 -1.000 4.941e-04 -0.993 0.666 -0.397 -1.010 -1.223 -1.327 -1.363
0.00049103 -1.50000 10.06070 0.8207352161 2.4257659912    0.755  2.347  3.6923  1.689    7  0.000  0.525     0.00     0.00     0.00     0.00     0.00 -1    -1e-30      0.00 7.422e-01 2.573e-01 8.499e-05 2.500e-05 2.160e-04 -1.000 4.934e-04 -1.098 0.609 -0.483 -1.111 -1.331 -1.438 -1.476
0.00049103 -1.50000 10.06070 0.8207491040 2.4257705212    0.755  2.389  3.6891  1.635    7  0.000  0.525     0.00     0.00     0.00     0.00     0.00 -1    -1e-30      0.00 7.422e-01 2.573e-01 8.498e-05 2.500e-05 2.160e-04 -1.000 4.933e-04 -1.203 0.555 -0.567 -1.211 -1.436 -1.548 -1.588
0.00049103 -1.50000 10.06070 0.8207613230 2.4257745743    0.755  2.431  3.6860  1.581    7  0.000  0.524     0.00     0.00     0.00     0.00     0.00 -1    -1e-30      0.00 7.422e-01 2.573e-01 8.494e-05 2.501e-05 2.160e-04 -1.000 4.933e-04 -1.307 0.502 -0.651 -1.309 -1.541 -1.657 -1.698
0.00049103 -1.50000 10.06070 0.8207721710 2.4257781506    0.755  2.473  3.6829  1.527    7  0.000  0.523     0.00     0.00     0.00     0.00     0.00 -1    -1e-30      0.00 7.422e-01 2.573e-01 8.477e-05 2.507e-05 2.160e-04 -1.000 4.933e-04 -1.412 0.503 -0.729 -1.418 -1.654 -1.773 -1.816
0.00049103 -1.50000 10.06070 0.8207819462 2.4257812500    0.755  2.515  3.6798  1.472    7  0.000  0.520     0.00     0.00     0.00     0.00     0.00 -1    -1e-30      0.00 7.422e-01 2.573e-01 8.423e-05 2.543e-05 2.160e-04 -1.000 4.941e-04 -1.517 0.439 -0.812 -1.514 -1.757 -1.880 -1.926
0.00049103 -1.50000 10.06070 0.8207910061 2.4257843494    0.755  2.558  3.6766  1.417    7  0.000  0.512     0.00     0.00     0.00     0.00     0.00 -1    -1e-30      0.00 7.422e-01 2.573e-01 8.298e-05 2.664e-05 2.160e-04 -1.000 4.941e-04 -1.624 0.421 -0.890 -1.617 -1.866 -1.994 -2.041
0.00049103 -1.50000 10.06070 0.8207993507 2.4257872105    0.755  2.601  3.6734  1.361    7  0.000  0.501     0.00     0.00     0.00     0.00     0.00 -1    -1e-30      0.00 7.422e-01 2.573e-01 8.111e-05 2.880e-05 2.160e-04 -1.000 4.941e-04 -1.732 0.409 -0.965 -1.721 -1.977 -2.109 -2.158
0.00049103 -1.50000 10.06070 0.8208072782 2.4257898331    0.755  2.645  3.6700  1.303    7  0.000  0.488     0.00     0.00     0.00     0.00     0.00 -1    -1e-30      0.00 7.422e-01 2.573e-01 7.914e-05 3.120e-05 2.160e-04 -1.000 4.939e-04 -1.842 0.405 -1.039 -1.827 -2.090 -2.226 -2.278
0.00049103 -1.50000 10.06070 0.8208146691 2.4257922173    0.755  2.689  3.6666  1.246    7  0.000  0.478     0.00     0.00     0.00     0.00     0.00 -1    -1e-30      0.00 7.421e-01 2.574e-01 7.741e-05 3.332e-05 2.160e-04 -1.000 4.940e-04 -1.951 0.410 -1.109 -1.930 -2.201 -2.342 -2.396
0.00049103 -1.50000 10.06070 0.8208217621 2.4257946014    0.755  2.732  3.6632  1.189    7  0.000  0.469     0.00     0.00     0.00     0.00     0.00 -1    -1e-30      0.00 7.421e-01 2.574e-01 7.593e-05 3.513e-05 2.159e-04 -1.000 4.941e-04 -2.060 0.423 -1.176 -2.032 -2.311 -2.457 -2.514
0.00049103 -1.50000 10.06070 0.8208286166 2.4257967472    0.755  2.776  3.6598  1.131    7  0.000  0.461     0.00     0.00     0.00     0.00     0.00 -1    -1e-30      0.00 7.420e-01 2.575e-01 7.468e-05 3.667e-05 2.159e-04 -1.000 4.941e-04 -2.169 0.444 -1.240 -2.133 -2.421 -2.572 -2.632
0.00049103 -1.50000 10.06070 0.8208348155 2.4257988930    0.755  2.818  3.6565  1.075    7  0.000  0.454     0.00     0.00     0.00     0.00     0.00 -1    -1e-30      0.00 7.419e-01 2.576e-01 7.360e-05 3.800e-05 2.159e-04 -1.000 4.941e-04 -2.276 0.459 -1.300 -2.228 -2.525 -2.682 -2.744
0.00049103 -1.50000 10.06070 0.8208399415 2.4258005619    0.755  2.857  3.6533  1.024    7  0.000  0.449     0.00     0.00     0.00     0.00     0.00 -1    -1e-30      0.00 7.418e-01 2.577e-01 7.273e-05 3.907e-05 2.158e-04 -1.000 4.941e-04 -2.373 0.455 -1.359 -2.314 -2.619 -2.781 -2.845
0.00049103 -1.50000 10.06070 0.8208442926 2.4258019924    0.755  2.895  3.6502  0.973    7  0.000  0.445     0.00     0.00     0.00     0.00     0.00 -1    -1e-30      0.00 7.417e-01 2.578e-01 7.200e-05 3.997e-05 2.157e-04 -1.000 4.939e-04 -2.468 0.456 -1.412 -2.396 -2.710 -2.877 -2.944
0.00049103 -1.50000 10.06070 0.8208479881 2.4258031845    0.755  2.935  3.6470  0.921    7  0.000  0.441     0.00     0.00     0.00     0.00     0.00 -1    -1e-30      0.00 7.415e-01 2.580e-01 7.132e-05 4.081e-05 2.156e-04 -1.000 4.939e-04 -2.567 0.465 -1.464 -2.478 -2.803 -2.976 -3.046
0.00049103 -1.50000 10.06070 0.8208515048 2.4258043766    0.755  2.980  3.6433  0.861    7  0.000  0.437     0.00     0.00     0.00     0.00     0.00 -1    -1e-30      0.00 7.414e-01 2.581e-01 7.068e-05 4.162e-05 2.155e-04 -1.000 4.941e-04 -2.680 0.475 -1.522 -2.573 -2.909 -3.090 -3.163
0.00049103 -1.50000 10.06070 0.8208550215 2.4258055687    0.755  3.028  3.6392  0.796    7  0.000  0.434     0.00     0.00     0.00     0.00     0.00 -1    -1e-30      0.00 7.413e-01 2.582e-01 7.016e-05 4.232e-05 2.152e-04 -1.000 4.941e-04 -2.801 0.487 -1.583 -2.674 -3.023 -3.211 -3.287
0.00049103 -1.50000 10.06070 0.8208581805 2.4258065224    0.755  3.084  3.6345  0.722    7  0.000  0.432     0.00     0.00     0.00     0.00     0.00 -1    -1e-30      0.00 7.412e-01 2.583e-01 6.976e-05 4.291e-05 2.150e-04 -1.000 4.941e-04 -2.939 0.508 -1.646 -2.784 -3.149 -3.347 -3.427
0.00049103 -1.50000 10.06070 0.8208591938 2.4258067608    0.755  3.110  3.6322  0.686    7  0.000  0.432     0.00     0.00     0.00     0.00     0.00 -1    -1e-30      0.00 7.412e-01 2.583e-01 6.964e-05 4.310e-05 2.149e-04 -1.000 4.941e-04 -3.006 0.520 -1.674 -2.837 -3.210 -3.412 -3.495
0.00049103 -1.50000 10.06070 0.8208594918 2.4258069992    0.755  3.118  3.6315  0.676    7  0.000  0.432     0.00     0.00     0.00     0.00     0.00 -1    -1e-30      0.00 7.412e-01 2.583e-01 6.961e-05 4.315e-05 2.149e-04 -1.000 4.941e-04 -3.025 0.523 -1.682 -2.852 -3.227 -3.431 -3.514
0.00049103 -1.50000 10.06070 0.8208597302 2.4258069992    0.755  3.127  3.6307  0.663    7  0.000  0.431     0.00     0.00     0.00     0.00     0.00 -1    -1e-30      0.00 7.412e-01 2.583e-01 6.955e-05 4.325e-05 2.148e-04 -1.000 4.940e-04 -3.049 0.527 -1.692 -2.870 -3.249 -3.454 -3.538
0.00049103 -1.50000 10.06070 0.8208602071 2.4258072376    0.755  3.157  3.6281  0.623    7  0.000  0.430     0.00     0.00     0.00     0.00     0.00 -1    -1e-30      0.00 7.410e-01 2.585e-01 6.911e-05 4.408e-05 2.144e-04 -1.000 4.941e-04 -3.122 0.540 -1.723 -2.927 -3.315 -3.526 -3.612
0.00049103 -1.50000 10.06070 0.8208604455 2.4258072376    0.755  3.173  3.6267  0.601    7  0.548  0.428     0.00     0.00     0.00     0.00     0.00 -1    -1e-30      0.00 7.409e-01 2.587e-01 6.872e-05 4.483e-05 2.139e-04 -1.000 4.940e-04 -3.163 0.547 -1.739 -2.959 -3.352 -3.566 -3.653
0.00049103 -1.50000 10.06070 0.8208605051 2.4258072376    0.755  3.411  3.6097  0.296    8  0.548  0.391    92.30    46.40    29.90    23.89    19.42  1 -1.21e-06      0.00 7.294e-01 2.702e-01 6.302e-05 5.854e-05 2.150e-04 -1.000 3.648e-04 -3.757 0.538 -1.976 -3.414 -3.885 -4.141 -4.246
0.00049103 -1.50000 10.06070 0.8208605647 2.4258072376    0.754  3.263  3.6195  0.482    8  0.548  0.391    61.12    33.12    21.67    17.23    13.99  1 -6.15e-07      0.00 7.294e-01 2.702e-01 6.302e-05 5.854e-05 2.150e-04 -1.000 3.648e-04 -3.388 0.568 -1.833 -3.133 -3.554 -3.784 -3.878
0.00049103 -1.50000 10.06070 0.8208606243 2.4258072376    0.753  3.120  3.6324  0.676    8  0.549  0.391    40.21    23.31    15.49    12.25     9.94  1 -3.14e-07      0.00 7.294e-01 2.702e-01 6.302e-05 5.854e-05 2.150e-04 -1.000 3.648e-04 -3.031 0.497 -1.699 -2.863 -3.236 -3.438 -3.521
0.00049103 -1.50000 10.06070 0.8208608031 2.4258074760    0.752  2.926  3.6500  0.940    8  0.549  0.391    23.20    14.47     9.83     7.72     6.26  2 -1.22e-07      0.00 7.294e-01 2.702e-01 6.302e-05 5.854e-05 2.150e-04 -1.000 3.648e-04 -2.546 0.408 -1.479 -2.472 -2.789 -2.957 -3.024
0.00049103 -1.50000 10.06070 0.8208609819 2.4258074760    0.750  2.932  3.6494  0.930    8  0.549  0.391    23.65    14.72     9.98     7.85     6.36  2 -1.27e-07      0.00 7.294e-01 2.702e-01 6.302e-05 5.854e-05 2.150e-04 -1.000 3.648e-04 -2.561 0.413 -1.486 -2.484 -2.803 -2.972 -3.040
0.00049103 -1.50000 10.06070 0.8208612800 2.4258074760    0.747  3.030  3.6405  0.796    8  0.549  0.391    31.22    18.74    12.58     9.92     8.04  1 -2.07e-07      0.00 7.294e-01 2.702e-01 6.302e-05 5.854e-05 2.150e-04 -1.000 3.648e-04 -2.804 0.457 -1.601 -2.683 -3.030 -3.215 -3.291
0.00049103 -1.50000 10.06070 0.8208615780 2.4258077145    0.744  3.181  3.6267  0.588    8  0.549  0.391    48.54    27.28    18.00    14.28    11.59  1 -4.36e-07      0.00 7.294e-01 2.702e-01 6.302e-05 5.854e-05 2.150e-04 -1.000 3.648e-04 -3.182 0.538 -1.754 -2.978 -3.371 -3.585 -3.673
0.00049103 -1.50000 10.06070 0.8208619356 2.4258077145    0.740  3.311  3.6148  0.408    8  0.550  0.391    71.78    37.71    24.52    19.55    15.88  1 -8.13e-07      0.00 7.294e-01 2.702e-01 6.302e-05 5.854e-05 2.150e-04 -1.000 3.648e-04 -3.507 0.601 -1.853 -3.213 -3.656 -3.897 -3.996
0.00049103 -1.50000 10.06070 0.8208624125 2.4258079529    0.736  3.397  3.6069  0.288    8  0.550  0.391    93.60    46.75    30.10    24.08    19.57  1 -1.23e-06      0.00 7.294e-01 2.702e-01 6.302e-05 5.854e-05 2.150e-04 -1.000 3.648e-04 -3.721 0.631 -1.896 -3.356 -3.837 -4.100 -4.206
0.00049103 -1.50000 10.06070 0.8208628893 2.4258079529    0.731  3.444  3.6025  0.221    8  0.551  0.391   108.89    52.73    33.76    27.06    22.00  1 -1.55e-06      0.00 7.294e-01 2.702e-01 6.302e-05 5.854e-05 2.150e-04 -1.000 3.648e-04 -3.839 0.647 -1.914 -3.432 -3.935 -4.210 -4.321
0.00049103 -1.50000 10.06070 0.8208634257 2.4258081913    0.726  3.468  3.6002  0.184    8  0.551  0.391   118.31    56.27    35.91    28.82    23.43  1 -1.77e-06      0.00 7.294e-01 2.702e-01 6.302e-05 5.854e-05 2.150e-04 -1.000 3.648e-04 -3.900 0.657 -1.920 -3.470 -3.985 -4.267 -4.380
0.00049103 -1.50000 10.06070 0.8208640218 2.4258084297    0.720  3.484  3.5990  0.159    8  0.552  0.391   124.93    58.68    37.37    30.02    24.41  1 -1.95e-06      0.00 7.294e-01 2.702e-01 6.302e-05 5.854e-05 2.150e-04 -1.000 3.648e-04 -3.941 0.656 -1.929 -3.497 -4.020 -4.304 -4.419
0.00049103 -1.50000 10.06070 0.8208663464 2.4258091450    0.553 -9.999  4.0000  1.708    9  0.554  0.000     0.00     0.00     0.00     0.00     0.00 -1    -1e-30      0.00 7.294e-01 2.702e-01 6.302e-05 5.854e-05 2.150e-04 -1.000 3.648e-04 29.767 30.100 29.963 30.240 30.469 30.550 30.639
#isochrone terminated
