# File generated by CMD 3.5 (http://stev.oapd.inaf.it/cmd) on Wed Jul 21 16:44:14 CEST 2021
# isochrones based on PARSEC release v1.2S +  COLIBRI S_37 + S_35 + PR16
# Basic references: Bressan et al. (2012), MNRAS, 427, 127 + Chen et al. (2014, 2015), MNRAS, 444, 2525 + MNRAS, 452, 1068 + Tang et al. (2014), MNRAS, 445, 4287 + Marigo et al. (2017), ApJ, 835, 77 + Pastorelli al. (2019), MNRAS, 485, 5666 + Pastorelli al. (2020), MNRAS, in press
# Thermal pulse cycles included 
# On RGB, assumed Reimers mass loss with efficiency eta=0.2
# LPV periods and growth rates added cf. Trabucchi et al. (2019)
# Photometric system: DECAM (ABmags)
# Using YBC version of bolometric corrections as in Chen et al. (2019)
# O-rich circumstellar dpmod60alox40 dust from Groenewegen (2006)
# C-rich circumstellar AMCSIC15 dust from Groenewegen (2006)
# IMF: Kroupa (2001, 2002) + Kroupa et al. (2013) canonical two-part-power law IMF corrected for unresolved binaries 
# Kind of output: isochrone tables
# Zini     MH   logAge Mini        int_IMF         Mass   logL    logTe  logg  label   McoreTP C_O  period0  period1  period2  period3  period4  pmode  Mloss  tau1m   X   Y   Xc  Xn  Xo  Cexcess  Z 	 mbolmag  umag    gmag    rmag    imag    zmag    Ymag
0.0015467 -1.00000 10.11394 0.0900000036 1.0816895962    0.090 -3.238  3.4439  5.358    1  0.000  0.545     0.00     0.00     0.00     0.00     0.00 -1 -9.08e-18      0.00 7.447e-01 2.536e-01 2.929e-04 7.903e-05 7.168e-04 -1.000 1.629e-03 12.866 18.119 17.142 15.349 13.076 12.290 12.121
0.0015467 -1.00000 10.11394 0.0969897360 1.1454570293    0.097 -3.069  3.4679  5.317    1  0.000  0.545     0.00     0.00     0.00     0.00     0.00 -1 -3.34e-17      0.00 7.438e-01 2.545e-01 2.929e-04 7.903e-05 7.168e-04 -1.000 1.629e-03 12.442 17.628 16.144 14.366 12.518 11.867 11.717
0.0015467 -1.00000 10.11394 0.1000000015 1.1711064577    0.100 -3.000  3.4777  5.300    1  0.000  0.545     0.00     0.00     0.00     0.00     0.00 -1 -8.91e-17      0.00 7.434e-01 2.549e-01 2.929e-04 7.903e-05 7.168e-04 -1.000 1.629e-03 12.269 17.408 15.745 13.984 12.298 11.696 11.553
0.0015467 -1.00000 10.11394 0.1200000048 1.3193155527    0.120 -2.718  3.5110  5.231    1  0.000  0.545     0.00     0.00     0.00     0.00     0.00 -1 -1.68e-16      0.00 7.412e-01 2.571e-01 2.929e-04 7.903e-05 7.168e-04 -1.000 1.629e-03 11.565 16.398 14.334 12.662 11.472 11.014 10.888
0.0015467 -1.00000 10.11394 0.1400000006 1.4384527206    0.140 -2.533  3.5288  5.184    1  0.000  0.545     0.00     0.00     0.00     0.00     0.00 -1 -2.52e-16      0.00 7.395e-01 2.589e-01 2.929e-04 7.903e-05 7.168e-04 -1.000 1.629e-03 11.103 15.684 13.548 11.944 10.963 10.564 10.447
0.0015467 -1.00000 10.11394 0.1599999964 1.5372931957    0.160 -2.391  3.5400  5.145    1  0.000  0.545     0.00     0.00     0.00     0.00     0.00 -1 -2.97e-16      0.00 7.382e-01 2.602e-01 2.929e-04 7.904e-05 7.168e-04 -1.000 1.629e-03 10.748 15.150 13.012 11.456 10.585 10.218 10.106
0.0015467 -1.00000 10.11394 0.2000000179 1.6938792467    0.200 -2.169  3.5547  5.079    1  0.000  0.545     0.00     0.00     0.00     0.00     0.00 -1 -5.49e-16      0.00 7.366e-01 2.617e-01 2.929e-04 7.904e-05 7.168e-04 -1.000 1.629e-03 10.194 14.350 12.241 10.752 10.007 9.676 9.571
0.0015467 -1.00000 10.11394 0.2500000000 1.8403258324    0.250 -1.964  3.5662  5.017    1  0.000  0.545     0.00     0.00     0.00     0.00     0.00 -1 -1.09e-17      0.00 7.363e-01 2.620e-01 2.929e-04 7.904e-05 7.168e-04 -1.000 1.629e-03 9.680 13.637 11.571 10.134 9.478 9.174 9.074
0.0015467 -1.00000 10.11394 0.3000000417 1.9529141188    0.300 -1.806  3.5749  4.973    1  0.000  0.545     0.00     0.00     0.00     0.00     0.00 -1 -2.87e-20      0.00 7.365e-01 2.619e-01 2.929e-04 7.904e-05 7.168e-04 -1.000 1.629e-03 9.285 13.097 11.067 9.673 9.074 8.788 8.692
0.0015467 -1.00000 10.11394 0.3499999940 2.0434174538    0.350 -1.674  3.5823  4.938    1  0.000  0.545     0.00     0.00     0.00     0.00     0.00 -1 -2.85e-16      0.00 7.464e-01 2.519e-01 2.929e-04 7.903e-05 7.168e-04 -1.000 1.629e-03 8.956 12.650 10.653 9.297 8.738 8.466 8.374
0.0015467 -1.00000 10.11394 0.4000000060 2.1185026169    0.400 -1.521  3.5937  4.888    1  0.000  0.545     0.00     0.00     0.00     0.00     0.00 -1 -2.13e-15      0.00 7.470e-01 2.514e-01 2.929e-04 7.903e-05 7.168e-04 -1.000 1.629e-03 8.573 12.084 10.142 8.849 8.346 8.094 8.007
0.0015467 -1.00000 10.11394 0.4499999881 2.1822810173    0.450 -1.342  3.6108  4.828    1  0.000  0.545     0.00     0.00     0.00     0.00     0.00 -1 -3.29e-15      0.00 7.470e-01 2.514e-01 2.929e-04 7.903e-05 7.168e-04 -1.000 1.629e-03 8.125 11.382 9.516 8.326 7.886 7.661 7.583
0.0015467 -1.00000 10.11394 0.5000000000 2.2374541759    0.500 -1.138  3.6381  4.779    1  0.000  0.545     0.00     0.00     0.00     0.00     0.00 -1 -5.28e-15      0.00 7.470e-01 2.514e-01 2.929e-04 7.903e-05 7.168e-04 -1.000 1.629e-03 7.614 10.496 8.734 7.716 7.365 7.184 7.119
0.0015467 -1.00000 10.11394 0.5500000715 2.2836585045    0.550 -0.909  3.6716  4.725    1  0.000  0.544     0.00     0.00     0.00     0.00     0.00 -1 -9.07e-15      0.00 7.838e-01 2.148e-01 2.535e-04 6.845e-05 6.211e-04 -1.000 1.375e-03 7.041 9.389 7.840 7.041 6.784 6.655 6.606
0.0015467 -1.00000 10.11394 0.5530356765 2.2861559391    0.553 -0.895  3.6736  4.722    1  0.000  0.544     0.00     0.00     0.00     0.00     0.00 -1 -9.36e-15      0.00 7.844e-01 2.143e-01 2.530e-04 6.831e-05 6.199e-04 -1.000 1.376e-03 7.008 9.322 7.790 7.003 6.750 6.624 6.576
0.0015467 -1.00000 10.11394 0.6000000238 2.3211214542    0.600 -0.697  3.7027  4.675    1  0.000  0.544     0.00     0.00     0.00     0.00     0.00 -1  -1.5e-14      0.00 7.921e-01 2.065e-01 2.454e-04 6.630e-05 6.018e-04 -1.000 1.399e-03 6.512 8.331 7.084 6.451 6.254 6.166 6.135
0.0015467 -1.00000 10.11394 0.6025680900 2.3228535652    0.602 -0.686  3.7044  4.673    1  0.000  0.544     0.00     0.00     0.00     0.00     0.00 -1 -1.54e-14      0.00 7.926e-01 2.060e-01 2.449e-04 6.617e-05 6.007e-04 -1.000 1.397e-03 6.484 8.278 7.046 6.421 6.227 6.141 6.111
0.0015467 -1.00000 10.11394 0.6178474426 2.3328173161    0.618 -0.619  3.7146  4.658    1  0.000  0.543     0.00     0.00     0.00     0.00     0.00 -1 -1.33e-14      0.00 7.954e-01 2.033e-01 2.421e-04 6.541e-05 5.939e-04 -1.000 1.385e-03 6.317 7.963 6.823 6.243 6.066 5.992 5.967
0.0015467 -1.00000 10.11394 0.6327182651 2.3419849873    0.632 -0.554  3.7243  4.642    1  0.000  0.543     0.00     0.00     0.00     0.00     0.00 -1 -2.41e-16      0.00 7.982e-01 2.005e-01 2.393e-04 6.466e-05 5.871e-04 -1.000 1.319e-03 6.154 7.671 6.614 6.073 5.911 5.849 5.829
0.0015467 -1.00000 10.11394 0.6466116905 2.3501136303    0.646 -0.493  3.7332  4.626    1  0.000  0.543     0.00     0.00     0.00     0.00     0.00 -1 -2.17e-15      0.00 8.009e-01 1.978e-01 2.365e-04 6.393e-05 5.806e-04 -1.000 1.303e-03 6.002 7.409 6.423 5.916 5.768 5.715 5.700
0.0015467 -1.00000 10.11394 0.6499999762 2.3520355225    0.650 -0.478  3.7354  4.622    1  0.000  0.543     0.00     0.00     0.00     0.00     0.00 -1 -2.53e-14      0.00 8.015e-01 1.972e-01 2.358e-04 6.375e-05 5.790e-04 -1.000 1.303e-03 5.964 7.346 6.377 5.878 5.733 5.682 5.668
0.0015467 -1.00000 10.11394 0.6575399041 2.3562304974    0.657 -0.444  3.7397  4.611    1  0.000  0.543     0.00     0.00     0.00     0.00     0.00 -1 -2.75e-14      0.00 8.033e-01 1.954e-01 2.341e-04 6.328e-05 5.748e-04 -1.000 1.304e-03 5.880 7.213 6.277 5.793 5.654 5.608 5.597
0.0015467 -1.00000 10.11394 0.6697239876 2.3627803326    0.669 -0.389  3.7466  4.591    1  0.000  0.543     0.00     0.00     0.00     0.00     0.00 -1 -1.45e-14      0.00 8.064e-01 1.923e-01 2.311e-04 6.250e-05 5.678e-04 -1.000 1.296e-03 5.743 7.002 6.115 5.657 5.528 5.490 5.481
0.0015467 -1.00000 10.11394 0.6816614270 2.3689372540    0.681 -0.334  3.7532  4.570    1  0.000  0.542     0.00     0.00     0.00     0.00     0.00 -1 -7.13e-18      0.00 8.095e-01 1.893e-01 2.281e-04 6.170e-05 5.607e-04 -1.000 1.246e-03 5.606 6.797 5.955 5.522 5.403 5.372 5.367
0.0015467 -1.00000 10.11394 0.6922883987 2.3742132187    0.692 -0.284  3.7588  4.550    1  0.000  0.542     0.00     0.00     0.00     0.00     0.00 -1 -1.42e-16      0.00 8.123e-01 1.864e-01 2.254e-04 6.097e-05 5.542e-04 -1.000 1.266e-03 5.481 6.615 5.811 5.400 5.290 5.265 5.262
0.0015467 -1.00000 10.11394 0.6999999881 2.3779268265    0.700 -0.247  3.7628  4.533    1  0.000  0.542     0.00     0.00     0.00     0.00     0.00 -1 -4.59e-14      0.00 8.145e-01 1.843e-01 2.233e-04 6.042e-05 5.493e-04 -1.000 1.225e-03 5.388 6.485 5.706 5.310 5.206 5.185 5.183
0.0015467 -1.00000 10.11394 0.7044430375 2.3800239563    0.704 -0.225  3.7650  4.523    1  0.000  0.541     0.00     0.00     0.00     0.00     0.00 -1 -4.87e-14      0.00 8.159e-01 1.829e-01 2.216e-04 6.004e-05 5.459e-04 -1.000 1.203e-03 5.334 6.411 5.645 5.257 5.157 5.138 5.137
0.0015467 -1.00000 10.11394 0.7125643492 2.3837795258    0.712 -0.184  3.7690  4.503    1  0.000  0.540     0.00     0.00     0.00     0.00     0.00 -1 -5.44e-14      0.00 8.188e-01 1.800e-01 2.184e-04 5.932e-05 5.396e-04 -1.000 1.216e-03 5.230 6.273 5.530 5.157 5.063 5.048 5.049
0.0015467 -1.00000 10.11394 0.7233331203 2.3886103630    0.723 -0.127  3.7740  4.473    1  0.000  0.538     0.00     0.00     0.00     0.00     0.00 -1 -2.61e-17      0.00 8.226e-01 1.761e-01 2.141e-04 5.831e-05 5.307e-04 -1.000 1.204e-03 5.088 6.089 5.375 5.020 4.934 4.924 4.927
0.0015467 -1.00000 10.11394 0.7334505916 2.3930006027    0.733 -0.071  3.7785  4.440    1  0.000  0.536     0.00     0.00     0.00     0.00     0.00 -1  -2.9e-17      0.00 8.265e-01 1.723e-01 2.099e-04 5.732e-05 5.220e-04 -1.000 1.203e-03 4.948 5.911 5.221 4.884 4.804 4.799 4.804
0.0015467 -1.00000 10.11394 0.7427623868 2.3969199657    0.742 -0.016  3.7824  4.406    1  0.000  0.534     0.00     0.00     0.00     0.00     0.00 -1 -3.77e-16      0.00 8.303e-01 1.685e-01 2.059e-04 5.636e-05 5.136e-04 -1.000 1.198e-03 4.810 5.745 5.074 4.751 4.677 4.675 4.682
0.0015467 -1.00000 10.11394 0.7500000000 2.3998889923    0.749  0.029  3.7852  4.376    1  0.000  0.533     0.00     0.00     0.00     0.00     0.00 -1    -1e-13      0.00 8.333e-01 1.655e-01 2.027e-04 5.560e-05 5.068e-04 -1.000 1.187e-03 4.697 5.613 4.953 4.640 4.571 4.572 4.579
0.0015467 -1.00000 10.11394 0.7574550509 2.4028792381    0.757  0.078  3.7875  4.341    1  0.000  0.533     0.00     0.00     0.00     0.00     0.00 -1 -1.16e-13      0.00 8.370e-01 1.619e-01 1.991e-04 5.463e-05 4.982e-04 -1.000 1.133e-03 4.576 5.475 4.825 4.521 4.456 4.459 4.467
0.0015467 -1.00000 10.11394 0.7669463158 2.4065895081    0.766  0.144  3.7900  4.291    1  0.000  0.532     0.00     0.00     0.00     0.00     0.00 -1 -1.42e-13      0.00 8.413e-01 1.576e-01 1.948e-04 5.349e-05 4.880e-04 -1.000 1.105e-03 4.411 5.294 4.653 4.359 4.298 4.303 4.312
0.0015467 -1.00000 10.11394 0.7753167748 2.4097752571    0.774  0.206  3.7914  4.239    1  0.000  0.532     0.00     0.00     0.00     0.00     0.00 -1 -1.73e-13      0.00 8.431e-01 1.558e-01 1.930e-04 5.300e-05 4.836e-04 -1.000 1.119e-03 4.254 5.127 4.491 4.204 4.145 4.152 4.161
0.0015467 -1.00000 10.11394 0.7771987915 2.4104807377    0.776  0.221  3.7917  4.226    1  0.000  0.532     0.00     0.00     0.00     0.00     0.00 -1 -2.64e-18      0.00 8.434e-01 1.555e-01 1.927e-04 5.294e-05 4.831e-04 -1.000 1.124e-03 4.217 5.088 4.453 4.167 4.108 4.116 4.125
0.0015467 -1.00000 10.11394 0.7803685069 2.4116599560    0.779  0.248  3.7916  4.200    1  0.000  0.532     0.00     0.00     0.00     0.00     0.00 -1 -1.36e-17      0.00 8.436e-01 1.552e-01 1.925e-04 5.287e-05 4.825e-04 -1.000 1.125e-03 4.150 5.019 4.385 4.099 4.041 4.048 4.057
0.0015467 -1.00000 10.11394 0.7867181897 2.4139893055    0.786  0.306  3.7903  4.140    1  0.000  0.531     0.00     0.00     0.00     0.00     0.00 -1 -1.36e-16      0.00 8.440e-01 1.549e-01 1.923e-04 5.282e-05 4.821e-04 -1.000 1.097e-03 4.004 4.879 4.241 3.952 3.892 3.898 3.906
0.0015467 -1.00000 10.11394 0.7918078899 2.4158253670    0.791  0.358  3.7879  4.082    1  0.000  0.531     0.00     0.00     0.00     0.00     0.00 -1 -4.91e-16      0.00 8.434e-01 1.554e-01 1.935e-04 5.316e-05 4.852e-04 -1.000 1.140e-03 3.876 4.763 4.117 3.821 3.758 3.762 3.769
0.0015467 -1.00000 10.11394 0.7934873104 2.4164254665    0.792  0.378  3.7859  4.055    2  0.000  0.531     0.00     0.00     0.00     0.00     0.00 -1 -1.96e-15      0.00 8.418e-01 1.570e-01 1.959e-04 5.383e-05 4.914e-04 -1.000 1.141e-03 3.826 4.724 4.072 3.770 3.704 3.706 3.712
0.0015467 -1.00000 10.11394 0.7967973351 2.4175994396    0.795  0.419  3.7807  3.994    2  0.000  0.531     0.00     0.00     0.00     0.00     0.00 -1 -3.03e-14      0.00 8.353e-01 1.635e-01 2.050e-04 5.633e-05 5.140e-04 -1.000 1.161e-03 3.722 4.650 3.981 3.662 3.588 3.585 3.589
0.0015467 -1.00000 10.11394 0.7991954088 2.4184427261    0.798  0.452  3.7746  3.938    2  0.000  0.532     0.00     0.00     0.00     0.00     0.00 -1 -2.26e-13      0.00 8.230e-01 1.758e-01 2.190e-04 6.013e-05 5.485e-04 -1.000 1.226e-03 3.639 4.610 3.914 3.575 3.492 3.483 3.485
0.0015467 -1.00000 10.11394 0.8000000119 2.4187245369    0.799  0.464  3.7720  3.916    2  0.000  0.532     0.00     0.00     0.00     0.00     0.00 -1 -4.47e-13      0.00 8.164e-01 1.824e-01 2.259e-04 6.201e-05 5.655e-04 -1.000 1.267e-03 3.610 4.599 3.892 3.544 3.457 3.445 3.446
0.0015467 -1.00000 10.11394 0.8003943563 2.4188623428    0.799  0.470  3.7707  3.905    2  0.000  0.533     0.00     0.00     0.00     0.00     0.00 -1 -4.59e-13      0.00 8.131e-01 1.856e-01 2.294e-04 6.293e-05 5.738e-04 -1.000 1.287e-03 3.595 4.594 3.881 3.528 3.440 3.426 3.427
0.0015467 -1.00000 10.11394 0.8020413518 2.4194364548    0.801  0.496  3.7622  3.847    2  0.000  0.534     0.00     0.00     0.00     0.00     0.00 -1 -5.21e-13      0.00 7.948e-01 2.038e-01 2.459e-04 6.739e-05 6.138e-04 -1.000 1.374e-03 3.530 4.594 3.842 3.459 3.357 3.335 3.333
0.0015467 -1.00000 10.11394 0.8033900857 2.4199044704    0.802  0.521  3.7531  3.785    2  0.000  0.535     0.00     0.00     0.00     0.00     0.00 -1 -5.93e-13      0.00 7.815e-01 2.170e-01 2.573e-04 7.044e-05 6.410e-04 -1.000 1.448e-03 3.466 4.606 3.807 3.393 3.278 3.246 3.239
0.0015467 -1.00000 10.11394 0.8044382930 2.4202668667    0.803  0.551  3.7452  3.725    2  0.000  0.536     0.00     0.00     0.00     0.00     0.00 -1 -6.79e-13      0.00 7.737e-01 2.248e-01 2.640e-04 7.222e-05 6.568e-04 -1.000 1.470e-03 3.392 4.600 3.761 3.319 3.192 3.151 3.142
0.0015467 -1.00000 10.11394 0.8052865267 2.4205594063    0.804  0.585  3.7393  3.667    2  0.000  0.536     0.00     0.00     0.00     0.00     0.00 -1 -7.85e-13      0.00 7.688e-01 2.297e-01 2.682e-04 7.334e-05 6.668e-04 -1.000 1.474e-03 3.306 4.566 3.696 3.235 3.098 3.051 3.039
0.0015467 -1.00000 10.11394 0.8059579730 2.4207904339    0.804  0.621  3.7353  3.616    2  0.000  0.536     0.00     0.00     0.00     0.00     0.00 -1 -9.03e-13      0.00 7.656e-01 2.329e-01 2.708e-04 7.403e-05 6.730e-04 -1.000 1.525e-03 3.218 4.516 3.624 3.149 3.006 2.955 2.940
0.0015467 -1.00000 10.11394 0.8062908053 2.4209048748    0.805  0.640  3.7334  3.589    2  0.000  0.537     0.00     0.00     0.00     0.00     0.00 -1 -9.73e-13      0.00 7.641e-01 2.343e-01 2.720e-04 7.434e-05 6.758e-04 -1.000 1.566e-03 3.170 4.485 3.582 3.102 2.956 2.902 2.887
0.0015467 -1.00000 10.11394 0.8064094782 2.4209456444    0.805  0.648  3.7329  3.579    2  0.000  0.537     0.00     0.00     0.00     0.00     0.00 -1    -1e-12      0.00 7.636e-01 2.348e-01 2.723e-04 7.443e-05 6.766e-04 -1.000 1.566e-03 3.150 4.470 3.564 3.082 2.935 2.881 2.866
0.0015467 -1.00000 10.11394 0.8070343733 2.4211599827    0.805  0.692  3.7303  3.525    3  0.000  0.537     0.00     0.00     0.00     0.00     0.00 -1 -1.18e-12      0.00 7.611e-01 2.373e-01 2.740e-04 7.488e-05 6.806e-04 -1.000 1.565e-03 3.039 4.382 3.464 2.973 2.823 2.766 2.748
0.0015467 -1.00000 10.11394 0.8075608611 2.4213402271    0.806  0.733  3.7283  3.476    3  0.000  0.537     0.00     0.00     0.00     0.00     0.00 -1 -1.37e-12      0.00 7.591e-01 2.394e-01 2.752e-04 7.521e-05 6.835e-04 -1.000 1.531e-03 2.937 4.299 3.370 2.873 2.720 2.660 2.642
0.0015467 -1.00000 10.11394 0.8081450462 2.4215400219    0.806  0.782  3.7264  3.420    3  0.000  0.537     0.00     0.00     0.00     0.00     0.00 -1 -1.63e-12      0.00 7.568e-01 2.416e-01 2.763e-04 7.553e-05 6.863e-04 -1.000 1.569e-03 2.814 4.195 3.255 2.752 2.596 2.534 2.515
0.0015467 -1.00000 10.11394 0.8086849451 2.4217243195    0.807  0.831  3.7247  3.364    3  0.000  0.537     0.00     0.00     0.00     0.00     0.00 -1 -1.95e-12      0.00 7.548e-01 2.437e-01 2.771e-04 7.580e-05 6.885e-04 -1.000 1.535e-03 2.692 4.089 3.139 2.631 2.472 2.408 2.388
0.0015467 -1.00000 10.11394 0.8092266917 2.4219090939    0.807  0.885  3.7230  3.304    3  0.000  0.536     0.00     0.00     0.00     0.00     0.00 -1 -2.37e-12      0.00 7.526e-01 2.459e-01 2.775e-04 7.611e-05 6.905e-04 -1.000 1.561e-03 2.557 3.970 3.012 2.498 2.337 2.271 2.250
0.0015467 -1.00000 10.11394 0.8097064495 2.4220724106    0.808  0.937  3.7215  3.246    3  0.000  0.535     0.00     0.00     0.00     0.00     0.00 -1 -2.85e-12      0.00 7.507e-01 2.478e-01 2.774e-04 7.654e-05 6.919e-04 -1.000 1.535e-03 2.427 3.854 2.888 2.369 2.206 2.138 2.116
0.0015467 -1.00000 10.11394 0.8101134300 2.4222106934    0.808  0.985  3.7201  3.192    3  0.000  0.533     0.00     0.00     0.00     0.00     0.00 -1 -3.39e-12      0.00 7.490e-01 2.494e-01 2.767e-04 7.720e-05 6.930e-04 -1.000 1.570e-03 2.307 3.747 2.773 2.251 2.085 2.015 1.993
0.0015467 -1.00000 10.11394 0.8104320168 2.4223189354    0.808  1.026  3.7188  3.147    3  0.000  0.531     0.00     0.00     0.00     0.00     0.00 -1 -3.92e-12      0.00 7.478e-01 2.506e-01 2.759e-04 7.799e-05 6.937e-04 -1.000 1.547e-03 2.205 3.658 2.678 2.151 1.983 1.912 1.888
0.0015467 -1.00000 10.11394 0.8107847571 2.4224386215    0.809  1.074  3.7174  3.093    3  0.000  0.528     0.00     0.00     0.00     0.00     0.00 -1 -4.66e-12      0.00 7.465e-01 2.519e-01 2.746e-04 7.924e-05 6.945e-04 -1.000 1.572e-03 2.084 3.552 2.563 2.031 1.861 1.788 1.764
0.0015467 -1.00000 10.11394 0.8111220002 2.4225528240    0.809  1.125  3.7157  3.035    3  0.000  0.524     0.00     0.00     0.00     0.00     0.00 -1  -5.6e-12      0.00 7.453e-01 2.531e-01 2.730e-04 8.088e-05 6.951e-04 -1.000 1.587e-03 1.957 3.442 2.443 1.906 1.733 1.658 1.633
0.0015467 -1.00000 10.11394 0.8114274144 2.4226562977    0.809  1.176  3.7140  2.978    3  0.000  0.521     0.00     0.00     0.00     0.00     0.00 -1 -6.72e-12      0.00 7.444e-01 2.540e-01 2.715e-04 8.249e-05 6.956e-04 -1.000 1.612e-03 1.830 3.333 2.325 1.782 1.606 1.529 1.503
0.0015467 -1.00000 10.11394 0.8116940260 2.4227466583    0.809  1.225  3.7123  2.923    3  0.000  0.518     0.00     0.00     0.00     0.00     0.00 -1 -8.01e-12      0.00 7.437e-01 2.547e-01 2.703e-04 8.385e-05 6.959e-04 -1.000 1.572e-03 1.709 3.231 2.211 1.662 1.483 1.404 1.377
0.0015467 -1.00000 10.11394 0.8119351268 2.4228279591    0.809  1.272  3.7106  2.868    3  0.000  0.516     0.00     0.00     0.00     0.00     0.00 -1 -9.52e-12      0.00 7.432e-01 2.552e-01 2.694e-04 8.497e-05 6.961e-04 -1.000 1.585e-03 1.589 3.132 2.100 1.544 1.363 1.281 1.253
0.0015467 -1.00000 10.11394 0.8121519089 2.4229013920    0.809  1.319  3.7088  2.814    3  0.000  0.515     0.00     0.00     0.00     0.00     0.00 -1 -1.13e-11      0.00 7.428e-01 2.556e-01 2.687e-04 8.579e-05 6.963e-04 -1.000 1.581e-03 1.471 3.036 1.992 1.430 1.245 1.161 1.132
0.0015467 -1.00000 10.11394 0.8123532534 2.4229693413    0.809  1.367  3.7070  2.759    3  0.000  0.514     0.00     0.00     0.00     0.00     0.00 -1 -1.34e-11      0.00 7.427e-01 2.558e-01 2.683e-04 8.622e-05 6.964e-04 -1.000 1.554e-03 1.352 2.939 1.882 1.313 1.125 1.039 1.008
0.0015467 -1.00000 10.11394 0.8125314116 2.4230294228    0.809  1.413  3.7051  2.705    3  0.000  0.514     0.00     0.00     0.00     0.00     0.00 -1 -1.59e-11      0.00 7.426e-01 2.559e-01 2.681e-04 8.643e-05 6.964e-04 -1.000 1.555e-03 1.237 2.847 1.777 1.201 1.009 0.920 0.889
0.0015467 -1.00000 10.11394 0.8126975894 2.4230854511    0.809  1.460  3.7031  2.650    3  0.000  0.514     0.00     0.00     0.00     0.00     0.00 -1 -1.89e-11      0.00 7.426e-01 2.559e-01 2.681e-04 8.649e-05 6.964e-04 -1.000 1.555e-03 1.119 2.753 1.670 1.086 0.891 0.800 0.767
0.0015467 -1.00000 10.11394 0.8128445148 2.4231350422    0.809  1.506  3.7011  2.597    3  0.000  0.514     0.00     0.00     0.00     0.00     0.00 -1 -2.23e-11      0.00 7.426e-01 2.559e-01 2.681e-04 8.652e-05 6.964e-04 -1.000 1.556e-03 1.005 2.664 1.567 0.975 0.777 0.683 0.649
0.0015467 -1.00000 10.11394 0.8129754663 2.4231791496    0.809  1.550  3.6991  2.545    3  0.000  0.513     0.00     0.00     0.00     0.00     0.00 -1 -2.62e-11      0.00 7.425e-01 2.559e-01 2.680e-04 8.656e-05 6.964e-04 -1.000 1.556e-03 0.895 2.578 1.468 0.869 0.667 0.570 0.535
0.0015467 -1.00000 10.11394 0.8130968213 2.4232201576    0.809  1.594  3.6971  2.492    3  0.000  0.513     0.00     0.00     0.00     0.00     0.00 -1 -3.08e-11      0.00 7.425e-01 2.559e-01 2.680e-04 8.659e-05 6.964e-04 -1.000 1.556e-03 0.784 2.494 1.368 0.762 0.556 0.457 0.421
0.0015467 -1.00000 10.11394 0.8132045865 2.4232563972    0.809  1.637  3.6951  2.441    3  0.000  0.513     0.00     0.00     0.00     0.00     0.00 -1 -3.61e-11      0.00 7.425e-01 2.559e-01 2.680e-04 8.661e-05 6.965e-04 -1.000 1.556e-03 0.677 2.419 1.274 0.658 0.449 0.347 0.310
0.0015467 -1.00000 10.11394 0.8133062124 2.4232907295    0.809  1.680  3.6930  2.390    3  0.000  0.513     0.00     0.00     0.00     0.00     0.00 -1 -4.23e-11      0.00 7.425e-01 2.559e-01 2.680e-04 8.664e-05 6.965e-04 -1.000 1.556e-03 0.569 2.343 1.178 0.553 0.340 0.235 0.197
0.0015467 -1.00000 10.11394 0.8133977056 2.4233214855    0.809  1.722  3.6909  2.339    3  0.000  0.513     0.00     0.00     0.00     0.00     0.00 -1 -4.93e-11      0.00 7.425e-01 2.559e-01 2.680e-04 8.666e-05 6.965e-04 -1.000 1.557e-03 0.465 2.270 1.086 0.452 0.235 0.128 0.088
0.0015467 -1.00000 10.11394 0.8134832978 2.4233503342    0.809  1.763  3.6888  2.290    3  0.000  0.513     0.00     0.00     0.00     0.00     0.00 -1 -5.74e-11      0.00 7.425e-01 2.559e-01 2.680e-04 8.668e-05 6.965e-04 -1.000 1.557e-03 0.362 2.201 0.997 0.353 0.132 0.022 -0.019
0.0015467 -1.00000 10.11394 0.8135653138 2.4233777523    0.809  1.803  3.6867  2.241    3  0.000  0.513     0.00     0.00     0.00     0.00     0.00 -1 -6.66e-11      0.00 7.425e-01 2.559e-01 2.679e-04 8.670e-05 6.965e-04 -1.000 1.557e-03 0.262 2.135 0.911 0.257 0.032 -0.081 -0.123
0.0015467 -1.00000 10.11394 0.8136493564 2.4234061241    0.808  1.841  3.6848  2.196    3  0.000  0.513     0.00     0.00     0.00     0.00     0.00 -1 -7.66e-11      0.00 7.425e-01 2.560e-01 2.679e-04 8.672e-05 6.965e-04 -1.000 1.557e-03 0.168 2.074 0.830 0.167 -0.061 -0.176 -0.220
0.0015467 -1.00000 10.11394 0.8137257099 2.4234318733    0.808  1.861  3.6838  2.171    3  0.000  0.513     0.00     0.00     0.00     0.00     0.00 -1 -8.31e-11      0.00 7.425e-01 2.560e-01 2.679e-04 8.674e-05 6.965e-04 -1.000 1.557e-03 0.117 2.038 0.785 0.118 -0.112 -0.229 -0.273
0.0015467 -1.00000 10.11394 0.8137978315 2.4234559536    0.808  1.840  3.6855  2.199    3  0.000  0.513     0.00     0.00     0.00     0.00     0.00 -1 -7.72e-11      0.00 7.425e-01 2.560e-01 2.679e-04 8.676e-05 6.965e-04 -1.000 1.557e-03 0.170 2.065 0.828 0.168 -0.059 -0.174 -0.217
0.0015467 -1.00000 10.11394 0.8138105869 2.4234602451    0.808  1.836  3.6858  2.204    3  0.000  0.513     0.00     0.00     0.00     0.00     0.00 -1 -7.61e-11      0.00 7.425e-01 2.560e-01 2.679e-04 8.676e-05 6.965e-04 -1.000 1.557e-03 0.180 2.070 0.835 0.177 -0.049 -0.164 -0.206
0.0015467 -1.00000 10.11394 0.8138648272 2.4234786034    0.808  1.872  3.6838  2.160    3  0.000  0.513     0.00     0.00     0.00     0.00     0.00 -1  -8.6e-11      0.00 7.425e-01 2.560e-01 2.679e-04 8.678e-05 6.965e-04 -1.000 1.558e-03 0.090 2.013 0.759 0.091 -0.139 -0.256 -0.300
0.0015467 -1.00000 10.11394 0.8139247894 2.4234986305    0.807  1.913  3.6815  2.110    3  0.000  0.513     0.00     0.00     0.00     0.00     0.00 -1    -1e-10      0.00 7.425e-01 2.560e-01 2.679e-04 8.679e-05 6.965e-04 -1.000 1.558e-03 -0.013 1.948 0.671 -0.008 -0.241 -0.362 -0.407
0.0015467 -1.00000 10.11394 0.8139826655 2.4235181808    0.807  1.956  3.6791  2.057    3  0.000  0.513     0.00     0.00     0.00     0.00     0.00 -1 -1.17e-10      0.00 7.425e-01 2.560e-01 2.679e-04 8.681e-05 6.965e-04 -1.000 1.558e-03 -0.119 1.882 0.582 -0.108 -0.346 -0.470 -0.517
0.0015467 -1.00000 10.11394 0.8140355349 2.4235358238    0.807  1.997  3.6767  2.006    3  0.000  0.513     0.00     0.00     0.00     0.00     0.00 -1 -1.37e-10      0.00 7.425e-01 2.560e-01 2.679e-04 8.682e-05 6.965e-04 -1.000 1.558e-03 -0.223 1.821 0.496 -0.206 -0.449 -0.576 -0.625
0.0015467 -1.00000 10.11394 0.8140856028 2.4235527515    0.806  2.039  3.6742  1.954    3  0.000  0.513     0.00     0.00     0.00     0.00     0.00 -1  -1.6e-10      0.00 7.425e-01 2.560e-01 2.679e-04 8.683e-05 6.965e-04 -1.000 1.558e-03 -0.328 1.779 0.410 -0.312 -0.557 -0.687 -0.737
0.0015467 -1.00000 10.11394 0.8141307235 2.4235680103    0.806  2.080  3.6717  1.903    3  0.000  0.513     0.00     0.00     0.00     0.00     0.00 -1 -1.86e-10      0.00 7.424e-01 2.560e-01 2.678e-04 8.684e-05 6.966e-04 -1.000 1.558e-03 -0.430 1.738 0.329 -0.412 -0.660 -0.792 -0.844
0.0015467 -1.00000 10.11394 0.8141726851 2.4235820770    0.806  2.121  3.6692  1.852    3  0.000  0.513     0.00     0.00     0.00     0.00     0.00 -1 -2.17e-10      0.00 7.424e-01 2.560e-01 2.678e-04 8.685e-05 6.966e-04 -1.000 1.558e-03 -0.531 1.698 0.249 -0.510 -0.763 -0.898 -0.951
0.0015467 -1.00000 10.11394 0.8142111301 2.4235949516    0.805  2.161  3.6667  1.802    3  0.000  0.513     0.00     0.00     0.00     0.00     0.00 -1 -2.52e-10      0.00 7.424e-01 2.560e-01 2.678e-04 8.686e-05 6.966e-04 -1.000 1.558e-03 -0.632 1.663 0.171 -0.607 -0.863 -1.001 -1.057
0.0015467 -1.00000 10.11394 0.8142468333 2.4236068726    0.805  2.201  3.6641  1.751    3  0.000  0.513     0.00     0.00     0.00     0.00     0.00 -1 -2.94e-10      0.00 7.424e-01 2.560e-01 2.678e-04 8.687e-05 6.966e-04 -1.000 1.558e-03 -0.733 1.630 0.095 -0.703 -0.963 -1.104 -1.162
0.0015467 -1.00000 10.11394 0.8142791390 2.4236178398    0.804  2.240  3.6616  1.701    3  0.000  0.513     0.00     0.00     0.00     0.00     0.00 -1 -3.41e-10      0.00 7.424e-01 2.560e-01 2.678e-04 8.688e-05 6.966e-04 -1.000 1.558e-03 -0.831 1.601 0.021 -0.796 -1.060 -1.205 -1.265
0.0015467 -1.00000 10.11394 0.8143097162 2.4236280918    0.803  2.280  3.6589  1.651    3  0.000  0.513     0.00     0.00     0.00     0.00     0.00 -1 -3.96e-10      0.00 7.424e-01 2.560e-01 2.678e-04 8.689e-05 6.966e-04 -1.000 1.559e-03 -0.931 1.573 -0.053 -0.890 -1.159 -1.306 -1.368
0.0015467 -1.00000 10.11394 0.8143376112 2.4236373901    0.803  2.319  3.6563  1.601    3  0.000  0.513     0.00     0.00     0.00     0.00     0.00 -1 -4.59e-10      0.00 7.424e-01 2.560e-01 2.678e-04 8.690e-05 6.966e-04 -1.000 1.559e-03 -1.028 1.536 -0.125 -0.978 -1.252 -1.404 -1.468
0.0015467 -1.00000 10.11394 0.8143634200 2.4236459732    0.802  2.358  3.6537  1.551    3  0.000  0.513     0.00     0.00     0.00     0.00     0.00 -1 -5.31e-10      0.00 7.424e-01 2.560e-01 2.678e-04 8.690e-05 6.966e-04 -1.000 1.559e-03 -1.125 1.515 -0.194 -1.067 -1.346 -1.502 -1.568
0.0015467 -1.00000 10.11394 0.8143871427 2.4236540794    0.801  2.396  3.6511  1.502    3  0.000  0.513     0.00     0.00     0.00     0.00     0.00 -1 -6.13e-10      0.00 7.424e-01 2.560e-01 2.678e-04 8.691e-05 6.966e-04 -1.000 1.559e-03 -1.220 1.498 -0.261 -1.155 -1.438 -1.597 -1.666
0.0015467 -1.00000 10.11394 0.8144142032 2.4236631393    0.800  2.443  3.6478  1.441    3  0.000  0.513     0.00     0.00     0.00     0.00     0.00 -1 -7.34e-10      0.00 7.424e-01 2.560e-01 2.678e-04 8.692e-05 6.966e-04 -1.000 1.559e-03 -1.338 1.476 -0.341 -1.259 -1.551 -1.716 -1.787
0.0015467 -1.00000 10.11394 0.8144345880 2.4236700535    0.800  2.482  3.6451  1.392    3  0.000  0.513     0.00     0.00     0.00     0.00     0.00 -1 -8.49e-10      0.00 7.424e-01 2.560e-01 2.678e-04 8.692e-05 6.966e-04 -1.000 1.559e-03 -1.434 1.459 -0.404 -1.343 -1.642 -1.811 -1.884
0.0015467 -1.00000 10.11394 0.8144569397 2.4236774445    0.798  2.527  3.6418  1.332    3  0.000  0.513     0.00     0.00     0.00     0.00     0.00 -1 -1.01e-09      0.00 7.424e-01 2.560e-01 2.678e-04 8.693e-05 6.966e-04 -1.000 1.559e-03 -1.548 1.440 -0.479 -1.442 -1.749 -1.924 -2.000
0.0015467 -1.00000 10.11394 0.8144780397 2.4236845970    0.797  2.574  3.6385  1.272    3  0.000  0.513     0.00     0.00     0.00     0.00     0.00 -1 -1.21e-09      0.00 7.424e-01 2.560e-01 2.678e-04 8.693e-05 6.966e-04 -1.000 1.559e-03 -1.664 1.423 -0.554 -1.542 -1.858 -2.039 -2.117
0.0015467 -1.00000 10.11394 0.8144940734 2.4236898422    0.796  2.611  3.6357  1.223    3  0.000  0.513     0.00     0.00     0.00     0.00     0.00 -1 -1.39e-09      0.00 7.424e-01 2.560e-01 2.678e-04 8.694e-05 6.966e-04 -1.000 1.559e-03 -1.758 1.410 -0.613 -1.622 -1.946 -2.132 -2.213
0.0015467 -1.00000 10.11394 0.8145115376 2.4236958027    0.795  2.655  3.6324  1.164    3  0.000  0.513     0.00     0.00     0.00     0.00     0.00 -1 -1.65e-09      0.00 7.424e-01 2.560e-01 2.678e-04 8.694e-05 6.966e-04 -1.000 1.559e-03 -1.869 1.399 -0.681 -1.716 -2.048 -2.241 -2.324
0.0015467 -1.00000 10.11394 0.8145281672 2.4237012863    0.793  2.701  3.6290  1.105    3  0.000  0.513     0.00     0.00     0.00     0.00     0.00 -1 -1.97e-09      0.00 7.424e-01 2.560e-01 2.678e-04 8.694e-05 6.966e-04 -1.000 1.559e-03 -1.982 1.388 -0.750 -1.811 -2.153 -2.352 -2.438
0.0015467 -1.00000 10.11394 0.8145439625 2.4237065315    0.791  2.747  3.6256  1.043    3  0.000  0.513     0.00     0.00     0.00     0.00     0.00 -1 -2.35e-09      0.00 7.424e-01 2.560e-01 2.678e-04 8.695e-05 6.966e-04 -1.000 1.559e-03 -2.098 1.377 -0.818 -1.906 -2.259 -2.464 -2.553
0.0015467 -1.00000 10.11394 0.8145573735 2.4237110615    0.789  2.790  3.6223  0.986    3  0.000  0.513     0.00     0.00     0.00     0.00     0.00 -1 -2.77e-09      0.00 7.424e-01 2.560e-01 2.678e-04 8.695e-05 6.966e-04 -1.000 1.559e-03 -2.205 1.374 -0.876 -1.993 -2.356 -2.568 -2.659
0.0015467 -1.00000 10.11394 0.8145703077 2.4237155914    0.787  2.834  3.6189  0.928    3  0.000  0.513     0.00     0.00     0.00     0.00     0.00 -1 -3.28e-09      0.00 7.424e-01 2.560e-01 2.678e-04 8.695e-05 6.966e-04 -1.000 1.559e-03 -2.314 1.375 -0.932 -2.080 -2.455 -2.674 -2.768
0.0015467 -1.00000 10.11394 0.8145825863 2.4237196445    0.785  2.878  3.6154  0.868    3  0.000  0.513     0.00     0.00     0.00     0.00     0.00 -1  -3.9e-09      0.00 7.424e-01 2.560e-01 2.678e-04 8.696e-05 6.966e-04 -1.000 1.559e-03 -2.426 1.377 -0.987 -2.168 -2.556 -2.782 -2.879
0.0015467 -1.00000 10.11394 0.8145935535 2.4237232208    0.782  2.921  3.6120  0.810    3  0.000  0.513     0.00     0.00     0.00     0.00     0.00 -1 -4.62e-09      0.00 7.424e-01 2.560e-01 2.678e-04 8.696e-05 6.966e-04 -1.000 1.559e-03 -2.534 1.380 -1.039 -2.252 -2.653 -2.886 -2.986
0.0015467 -1.00000 10.11394 0.8146037459 2.4237267971    0.779  2.964  3.6087  0.752    3  0.000  0.513     0.00     0.00     0.00     0.00     0.00 -1 -5.46e-09      0.00 7.424e-01 2.560e-01 2.678e-04 8.696e-05 6.966e-04 -1.000 1.559e-03 -2.640 1.380 -1.089 -2.335 -2.748 -2.989 -3.091
0.0015467 -1.00000 10.11394 0.8146132827 2.4237298965    0.776  3.007  3.6053  0.694    3  0.000  0.513     0.00     0.00     0.00     0.00     0.00 -1 -6.45e-09      0.00 7.424e-01 2.560e-01 2.678e-04 8.697e-05 6.966e-04 -1.000 1.559e-03 -2.747 1.380 -1.136 -2.416 -2.842 -3.091 -3.196
0.0015467 -1.00000 10.11394 0.8146225214 2.4237329960    0.773  3.051  3.6018  0.634    3  0.000  0.513     0.00     0.00     0.00     0.00     0.00 -1 -7.66e-09      0.00 7.424e-01 2.560e-01 2.678e-04 8.697e-05 6.966e-04 -1.000 1.559e-03 -2.857 1.377 -1.184 -2.499 -2.939 -3.196 -3.304
0.0015467 -1.00000 10.11394 0.8146305680 2.4237356186    0.769  3.092  3.5985  0.578    3  0.000  0.513     0.00     0.00     0.00     0.00     0.00 -1    -9e-09      0.00 7.424e-01 2.560e-01 2.678e-04 8.697e-05 6.966e-04 -1.000 1.559e-03 -2.959 1.373 -1.225 -2.573 -3.028 -3.292 -3.404
0.0015467 -1.00000 10.11394 0.8146383762 2.4237382412    0.765  3.134  3.5951  0.520    3  0.000  0.513     0.00     0.00     0.00     0.00     0.00 -1 -1.06e-08      0.00 7.424e-01 2.560e-01 2.678e-04 8.697e-05 6.966e-04 -1.000 1.559e-03 -3.065 1.365 -1.265 -2.649 -3.120 -3.392 -3.506
0.0015467 -1.00000 10.11394 0.8146457076 2.4237408638    0.760  3.176  3.5917  0.461    3  0.000  0.513     0.00     0.00     0.00     0.00     0.00 -1 -1.26e-08      0.00 7.424e-01 2.560e-01 2.678e-04 8.697e-05 6.966e-04 -1.000 1.559e-03 -3.171 1.356 -1.300 -2.723 -3.211 -3.492 -3.610
0.0015467 -1.00000 10.11394 0.8146525025 2.4237430096    0.755  3.218  3.5882  0.403    3  0.000  0.513     0.00     0.00     0.00     0.00     0.00 -1 -1.49e-08      0.00 7.424e-01 2.560e-01 2.678e-04 8.697e-05 6.966e-04 -1.000 1.559e-03 -3.274 1.346 -1.329 -2.792 -3.299 -3.590 -3.710
0.0015467 -1.00000 10.11394 0.8146587014 2.4237451553    0.749  3.257  3.5849  0.347    3  0.000  0.513     0.00     0.00     0.00     0.00     0.00 -1 -1.74e-08      0.00 7.424e-01 2.560e-01 2.678e-04 8.698e-05 6.966e-04 -1.000 1.559e-03 -3.374 1.330 -1.353 -2.857 -3.384 -3.684 -3.807
0.0015467 -1.00000 10.11394 0.8146645427 2.4237470627    0.743  3.297  3.5816  0.291    3  0.000  0.513     0.00     0.00     0.00     0.00     0.00 -1 -2.05e-08      0.00 7.424e-01 2.560e-01 2.678e-04 8.698e-05 6.966e-04 -1.000 1.559e-03 -3.472 1.312 -1.377 -2.920 -3.467 -3.775 -3.902
0.0015467 -1.00000 10.11394 0.8146702647 2.4237489700    0.736  3.334  3.5784  0.236    3  0.000  0.513     0.00     0.00     0.00     0.00     0.00 -1 -2.39e-08      0.00 7.424e-01 2.560e-01 2.678e-04 8.698e-05 6.966e-04 -1.000 1.559e-03 -3.566 1.290 -1.396 -2.976 -3.545 -3.864 -3.993
0.0015467 -1.00000 10.11394 0.8146715760 2.4237494469    0.734  3.342  3.5777  0.224    3  0.000  0.513     0.00     0.00     0.00     0.00     0.00 -1 -2.47e-08      0.00 7.424e-01 2.560e-01 2.678e-04 8.698e-05 6.966e-04 -1.000 1.559e-03 -3.586 1.284 -1.399 -2.987 -3.562 -3.882 -4.013
0.0015467 -1.00000 10.11394 0.8146715760 2.4237494469    0.734  1.715  3.7366  2.487    4  0.000  0.513     0.00     0.00     0.00     0.00     0.00 -1    -1e-30      0.00 7.390e-01 2.594e-01 2.699e-04 8.883e-05 7.035e-04 -1.000 1.566e-03 0.482 1.736 0.868 0.417 0.279 0.226 0.210
0.0015467 -1.00000 10.11394 0.8147179484 2.4237649441    0.734  1.730  3.7355  2.468    4  0.000  0.513     0.00     0.00     0.00     0.00     0.00 -1    -1e-30      0.00 7.390e-01 2.594e-01 2.699e-04 8.883e-05 7.035e-04 -1.000 1.566e-03 0.446 1.712 0.837 0.381 0.242 0.188 0.172
0.0015467 -1.00000 10.11394 0.8147653937 2.4237809181    0.734  1.733  3.7353  2.464    4  0.000  0.513     0.00     0.00     0.00     0.00     0.00 -1    -1e-30      0.00 7.390e-01 2.594e-01 2.699e-04 8.883e-05 7.035e-04 -1.000 1.566e-03 0.436 1.705 0.828 0.372 0.232 0.178 0.162
0.0015467 -1.00000 10.11394 0.8148136735 2.4237971306    0.734  1.735  3.7355  2.463    4  0.000  0.513     0.00     0.00     0.00     0.00     0.00 -1    -1e-30      0.00 7.390e-01 2.594e-01 2.699e-04 8.883e-05 7.035e-04 -1.000 1.566e-03 0.433 1.700 0.824 0.369 0.229 0.175 0.159
0.0015467 -1.00000 10.11394 0.8148635626 2.4238138199    0.734  1.735  3.7359  2.464    4  0.000  0.513     0.00     0.00     0.00     0.00     0.00 -1    -1e-30      0.00 7.390e-01 2.594e-01 2.699e-04 8.883e-05 7.035e-04 -1.000 1.566e-03 0.432 1.695 0.822 0.367 0.228 0.175 0.159
0.0015467 -1.00000 10.11394 0.8149120808 2.4238300323    0.734  1.735  3.7364  2.467    4  0.000  0.513     0.00     0.00     0.00     0.00     0.00 -1    -1e-30      0.00 7.390e-01 2.594e-01 2.699e-04 8.883e-05 7.035e-04 -1.000 1.566e-03 0.433 1.690 0.820 0.368 0.230 0.177 0.162
0.0015467 -1.00000 10.11394 0.8149610162 2.4238464832    0.734  1.734  3.7372  2.471    4  0.000  0.513     0.00     0.00     0.00     0.00     0.00 -1    -1e-30      0.00 7.390e-01 2.594e-01 2.699e-04 8.883e-05 7.035e-04 -1.000 1.566e-03 0.436 1.686 0.820 0.371 0.234 0.182 0.166
0.0015467 -1.00000 10.11394 0.8150109649 2.4238631725    0.734  1.732  3.7380  2.476    4  0.000  0.513     0.00     0.00     0.00     0.00     0.00 -1    -1e-30      0.00 7.390e-01 2.594e-01 2.699e-04 8.883e-05 7.035e-04 -1.000 1.566e-03 0.440 1.681 0.820 0.374 0.239 0.187 0.172
0.0015467 -1.00000 10.11394 0.8150603175 2.4238798618    0.734  1.730  3.7389  2.481    4  0.000  0.513     0.00     0.00     0.00     0.00     0.00 -1    -1e-30      0.00 7.390e-01 2.594e-01 2.699e-04 8.883e-05 7.035e-04 -1.000 1.566e-03 0.444 1.676 0.821 0.378 0.244 0.194 0.179
0.0015467 -1.00000 10.11394 0.8151104450 2.4238965511    0.735  1.729  3.7397  2.486    4  0.000  0.513     0.00     0.00     0.00     0.00     0.00 -1    -1e-30      0.00 7.390e-01 2.594e-01 2.699e-04 8.883e-05 7.035e-04 -1.000 1.566e-03 0.448 1.671 0.821 0.382 0.249 0.200 0.186
0.0015467 -1.00000 10.11394 0.8151578307 2.4239125252    0.735  1.727  3.7405  2.491    4  0.000  0.513     0.00     0.00     0.00     0.00     0.00 -1    -1e-30      0.00 7.390e-01 2.594e-01 2.699e-04 8.883e-05 7.035e-04 -1.000 1.566e-03 0.452 1.668 0.821 0.385 0.253 0.205 0.191
0.0015467 -1.00000 10.11394 0.8152083755 2.4239294529    0.735  1.726  3.7413  2.495    4  0.000  0.513     0.00     0.00     0.00     0.00     0.00 -1    -1e-30      0.00 7.390e-01 2.594e-01 2.699e-04 8.883e-05 7.035e-04 -1.000 1.566e-03 0.455 1.664 0.822 0.388 0.258 0.210 0.197
0.0015467 -1.00000 10.11394 0.8152580261 2.4239459038    0.735  1.725  3.7420  2.499    4  0.000  0.513     0.00     0.00     0.00     0.00     0.00 -1    -1e-30      0.00 7.390e-01 2.594e-01 2.699e-04 8.883e-05 7.035e-04 -1.000 1.566e-03 0.458 1.661 0.822 0.391 0.261 0.215 0.202
0.0015467 -1.00000 10.11394 0.8153044581 2.4239616394    0.735  1.724  3.7425  2.502    4  0.000  0.513     0.00     0.00     0.00     0.00     0.00 -1    -1e-30      0.00 7.390e-01 2.594e-01 2.699e-04 8.883e-05 7.035e-04 -1.000 1.566e-03 0.460 1.658 0.822 0.392 0.264 0.218 0.205
0.0015467 -1.00000 10.11394 0.8153535128 2.4239778519    0.735  1.723  3.7430  2.505    4  0.000  0.513     0.00     0.00     0.00     0.00     0.00 -1    -1e-30      0.00 7.390e-01 2.594e-01 2.699e-04 8.883e-05 7.035e-04 -1.000 1.566e-03 0.462 1.655 0.821 0.394 0.267 0.221 0.208
0.0015467 -1.00000 10.11394 0.8153649569 2.4239819050    0.735  1.723  3.7431  2.506    4  0.000  0.513     0.00     0.00     0.00     0.00     0.00 -1    -1e-30      0.00 7.390e-01 2.594e-01 2.699e-04 8.883e-05 7.035e-04 -1.000 1.566e-03 0.463 1.655 0.821 0.394 0.267 0.222 0.209
0.0015467 -1.00000 10.11394 0.8153746724 2.4239850044    0.735  1.723  3.7432  2.506    4  0.000  0.513     0.00     0.00     0.00     0.00     0.00 -1    -1e-30      0.00 7.390e-01 2.594e-01 2.699e-04 8.883e-05 7.035e-04 -1.000 1.566e-03 0.463 1.654 0.821 0.394 0.267 0.222 0.210
0.0015467 -1.00000 10.11394 0.8154240847 2.4240016937    0.735  1.723  3.7436  2.508    4  0.000  0.513     0.00     0.00     0.00     0.00     0.00 -1    -1e-30      0.00 7.390e-01 2.594e-01 2.699e-04 8.883e-05 7.035e-04 -1.000 1.566e-03 0.463 1.652 0.820 0.395 0.268 0.223 0.211
0.0015467 -1.00000 10.11394 0.8154743910 2.4240183830    0.735  1.723  3.7438  2.509    4  0.000  0.513     0.00     0.00     0.00     0.00     0.00 -1    -1e-30      0.00 7.390e-01 2.594e-01 2.699e-04 8.883e-05 7.035e-04 -1.000 1.566e-03 0.463 1.650 0.819 0.394 0.269 0.224 0.212
0.0015467 -1.00000 10.11394 0.8155232072 2.4240348339    0.735  1.723  3.7439  2.509    4  0.000  0.513     0.00     0.00     0.00     0.00     0.00 -1    -1e-30      0.00 7.390e-01 2.594e-01 2.699e-04 8.883e-05 7.035e-04 -1.000 1.566e-03 0.462 1.648 0.817 0.393 0.268 0.223 0.211
0.0015467 -1.00000 10.11394 0.8155716062 2.4240510464    0.735  1.724  3.7439  2.508    4  0.000  0.513     0.00     0.00     0.00     0.00     0.00 -1    -1e-30      0.00 7.390e-01 2.594e-01 2.699e-04 8.883e-05 7.035e-04 -1.000 1.566e-03 0.460 1.646 0.816 0.391 0.266 0.221 0.209
0.0015467 -1.00000 10.11394 0.8156195879 2.4240670204    0.735  1.725  3.7437  2.506    4  0.000  0.513     0.00     0.00     0.00     0.00     0.00 -1    -1e-30      0.00 7.390e-01 2.594e-01 2.699e-04 8.883e-05 7.035e-04 -1.000 1.566e-03 0.457 1.644 0.813 0.388 0.262 0.218 0.205
0.0015467 -1.00000 10.11394 0.8156701326 2.4240839481    0.735  1.727  3.7434  2.503    4  0.000  0.513     0.00     0.00     0.00     0.00     0.00 -1    -1e-30      0.00 7.390e-01 2.594e-01 2.699e-04 8.883e-05 7.035e-04 -1.000 1.566e-03 0.453 1.643 0.811 0.385 0.258 0.213 0.200
0.0015467 -1.00000 10.11394 0.8157208562 2.4241008759    0.735  1.729  3.7429  2.499    4  0.000  0.513     0.00     0.00     0.00     0.00     0.00 -1    -1e-30      0.00 7.390e-01 2.594e-01 2.699e-04 8.883e-05 7.035e-04 -1.000 1.566e-03 0.448 1.641 0.807 0.379 0.252 0.206 0.193
0.0015467 -1.00000 10.11394 0.8157330751 2.4241049290    0.735  1.729  3.7429  2.499    4  0.000  0.513     0.00     0.00     0.00     0.00     0.00 -1    -1e-30      0.00 7.390e-01 2.594e-01 2.699e-04 8.883e-05 7.035e-04 -1.000 1.566e-03 0.447 1.641 0.806 0.378 0.251 0.205 0.192
0.0015467 -1.00000 10.11394 0.8157547712 2.4241123199    0.735  1.731  3.7426  2.496    4  0.000  0.513     0.00     0.00     0.00     0.00     0.00 -1    -1e-30      0.00 7.390e-01 2.594e-01 2.699e-04 8.883e-05 7.035e-04 -1.000 1.566e-03 0.443 1.640 0.804 0.375 0.247 0.201 0.188
0.0015467 -1.00000 10.11394 0.8158001900 2.4241273403    0.735  1.734  3.7419  2.490    4  0.000  0.513     0.00     0.00     0.00     0.00     0.00 -1    -1e-30      0.00 7.390e-01 2.594e-01 2.699e-04 8.883e-05 7.035e-04 -1.000 1.566e-03 0.436 1.639 0.799 0.368 0.239 0.192 0.179
0.0015467 -1.00000 10.11394 0.8158457279 2.4241425991    0.735  1.737  3.7411  2.484    4  0.000  0.513     0.00     0.00     0.00     0.00     0.00 -1    -1e-30      0.00 7.390e-01 2.594e-01 2.699e-04 8.883e-05 7.035e-04 -1.000 1.566e-03 0.427 1.638 0.794 0.360 0.229 0.181 0.168
0.0015467 -1.00000 10.11394 0.8158917427 2.4241580963    0.735  1.741  3.7403  2.477    4  0.000  0.513     0.00     0.00     0.00     0.00     0.00 -1    -1e-30      0.00 7.390e-01 2.594e-01 2.699e-04 8.883e-05 7.035e-04 -1.000 1.566e-03 0.418 1.635 0.788 0.351 0.219 0.170 0.157
0.0015467 -1.00000 10.11394 0.8159382939 2.4241735935    0.735  1.745  3.7394  2.469    4  0.000  0.513     0.00     0.00     0.00     0.00     0.00 -1    -1e-30      0.00 7.390e-01 2.594e-01 2.699e-04 8.883e-05 7.035e-04 -1.000 1.566e-03 0.407 1.634 0.781 0.340 0.207 0.157 0.143
0.0015467 -1.00000 10.11394 0.8159830570 2.4241886139    0.736  1.750  3.7385  2.461    4  0.000  0.513     0.00     0.00     0.00     0.00     0.00 -1    -1e-30      0.00 7.390e-01 2.594e-01 2.699e-04 8.883e-05 7.035e-04 -1.000 1.566e-03 0.395 1.632 0.773 0.329 0.194 0.143 0.129
0.0015467 -1.00000 10.11394 0.8160281181 2.4242036343    0.736  1.755  3.7375  2.452    4  0.000  0.513     0.00     0.00     0.00     0.00     0.00 -1    -1e-30      0.00 7.390e-01 2.594e-01 2.699e-04 8.883e-05 7.035e-04 -1.000 1.566e-03 0.382 1.629 0.764 0.316 0.180 0.128 0.113
0.0015467 -1.00000 10.11394 0.8160736561 2.4242188931    0.736  1.760  3.7366  2.442    4  0.000  0.513     0.00     0.00     0.00     0.00     0.00 -1    -1e-30      0.00 7.390e-01 2.594e-01 2.699e-04 8.883e-05 7.035e-04 -1.000 1.566e-03 0.369 1.626 0.755 0.303 0.165 0.112 0.097
0.0015467 -1.00000 10.11394 0.8161190152 2.4242339134    0.736  1.766  3.7357  2.434    4  0.000  0.513     0.00     0.00     0.00     0.00     0.00 -1    -1e-30      0.00 7.390e-01 2.594e-01 2.699e-04 8.883e-05 7.035e-04 -1.000 1.566e-03 0.356 1.622 0.745 0.291 0.151 0.097 0.082
0.0015467 -1.00000 10.11394 0.8161655068 2.4242494106    0.736  1.771  3.7348  2.425    4  0.000  0.513     0.00     0.00     0.00     0.00     0.00 -1    -1e-30      0.00 7.390e-01 2.594e-01 2.699e-04 8.883e-05 7.035e-04 -1.000 1.566e-03 0.342 1.617 0.735 0.277 0.136 0.081 0.065
0.0015467 -1.00000 10.11394 0.8162106872 2.4242646694    0.736  1.775  3.7339  2.417    4  0.000  0.513     0.00     0.00     0.00     0.00     0.00 -1    -1e-30      0.00 7.390e-01 2.594e-01 2.699e-04 8.883e-05 7.035e-04 -1.000 1.566e-03 0.331 1.616 0.729 0.267 0.124 0.069 0.052
0.0015467 -1.00000 10.11394 0.8162586093 2.4242806435    0.736  1.792  3.7312  2.389    4  0.000  0.513     0.00     0.00     0.00     0.00     0.00 -1    -1e-30      0.00 7.390e-01 2.594e-01 2.699e-04 8.883e-05 7.035e-04 -1.000 1.566e-03 0.289 1.602 0.698 0.226 0.079 0.020 0.002
0.0015467 -1.00000 10.11394 0.8163043261 2.4242959023    0.736  1.818  3.7274  2.348    4  0.000  0.513     0.00     0.00     0.00     0.00     0.00 -1    -1e-30      0.00 7.390e-01 2.594e-01 2.699e-04 8.883e-05 7.035e-04 -1.000 1.566e-03 0.224 1.580 0.650 0.163 0.010 -0.053 -0.073
0.0015467 -1.00000 10.11394 0.8163383603 2.4243071079    0.736  1.854  3.7224  2.292    4  0.000  0.513     0.00     0.00     0.00     0.00     0.00 -1    -1e-30      0.00 7.390e-01 2.594e-01 2.699e-04 8.883e-05 7.035e-04 -1.000 1.566e-03 0.134 1.547 0.583 0.076 -0.085 -0.154 -0.177
0.0015467 -1.00000 10.11394 0.8163549304 2.4243128300    0.736  1.892  3.7174  2.234    4  0.000  0.513     0.00     0.00     0.00     0.00     0.00 -1    -1e-30      0.00 7.390e-01 2.594e-01 2.699e-04 8.883e-05 7.035e-04 -1.000 1.566e-03 0.040 1.514 0.513 -0.015 -0.185 -0.259 -0.284
0.0015467 -1.00000 10.11394 0.8163620830 2.4243152142    0.736  1.928  3.7128  2.180    4  0.000  0.513     0.00     0.00     0.00     0.00     0.00 -1    -1e-30      0.00 7.390e-01 2.594e-01 2.699e-04 8.883e-05 7.035e-04 -1.000 1.566e-03 -0.050 1.483 0.447 -0.100 -0.278 -0.358 -0.385
0.0015467 -1.00000 10.11394 0.8163655996 2.4243161678    0.736  1.965  3.7083  2.125    4  0.000  0.513     0.00     0.00     0.00     0.00     0.00 -1    -1e-30      0.00 7.390e-01 2.594e-01 2.699e-04 8.883e-05 7.035e-04 -1.000 1.566e-03 -0.143 1.449 0.378 -0.189 -0.374 -0.460 -0.490
0.0015467 -1.00000 10.11394 0.8163673878 2.4243168831    0.736  2.000  3.7042  2.073    4  0.000  0.513     0.00     0.00     0.00     0.00     0.00 -1    -1e-30      0.00 7.390e-01 2.594e-01 2.699e-04 8.883e-05 7.035e-04 -1.000 1.566e-03 -0.231 1.417 0.313 -0.271 -0.464 -0.555 -0.587
0.0015467 -1.00000 10.11394 0.8163684607 2.4243171215    0.736  2.034  3.7005  2.025    4  0.000  0.513     0.00     0.00     0.00     0.00     0.00 -1    -1e-30      0.00 7.390e-01 2.594e-01 2.699e-04 8.883e-05 7.035e-04 -1.000 1.566e-03 -0.315 1.383 0.250 -0.350 -0.550 -0.645 -0.679
0.0015467 -1.00000 10.11394 0.8163686991 2.4243173599    0.736  2.044  3.6994  2.010    7  0.000  0.513     0.00     0.00     0.00     0.00     0.00 -1 -1.06e-09      0.00 7.390e-01 2.578e-01 2.699e-04 8.883e-05 7.035e-04 -1.000 3.229e-03 -0.340 1.373 0.230 -0.374 -0.576 -0.672 -0.707
0.0015467 -1.00000 10.11394 0.8163687587 2.4243173599    0.736  2.046  3.6993  2.008    7  0.000  0.513     0.00     0.00     0.00     0.00     0.00 -1 -1.07e-09      0.00 7.390e-01 2.578e-01 2.699e-04 8.883e-05 7.035e-04 -1.000 3.229e-03 -0.344 1.372 0.228 -0.377 -0.579 -0.676 -0.711
0.0015467 -1.00000 10.11394 0.8163696527 2.4243175983    0.736  2.086  3.6953  1.952    7  0.000  0.513     0.00     0.00     0.00     0.00     0.00 -1 -1.37e-09      0.00 7.390e-01 2.578e-01 2.699e-04 8.883e-05 7.035e-04 -1.000 3.229e-03 -0.445 1.335 0.152 -0.472 -0.681 -0.783 -0.820
0.0015467 -1.00000 10.11394 0.8163704872 2.4243178368    0.736  2.124  3.6916  1.900    7  0.000  0.513     0.00     0.00     0.00     0.00     0.00 -1 -1.69e-09      0.00 7.390e-01 2.578e-01 2.699e-04 8.883e-05 7.035e-04 -1.000 3.229e-03 -0.539 1.300 0.081 -0.560 -0.776 -0.883 -0.922
0.0015467 -1.00000 10.11394 0.8163712621 2.4243180752    0.736  2.153  3.6888  1.859    7  0.000  0.513     0.00     0.00     0.00     0.00     0.00 -1 -2.01e-09      0.00 7.390e-01 2.578e-01 2.699e-04 8.883e-05 7.035e-04 -1.000 3.229e-03 -0.612 1.274 0.027 -0.628 -0.849 -0.960 -1.001
0.0015467 -1.00000 10.11394 0.8163720965 2.4243185520    0.736  2.165  3.6877  1.843    7  0.000  0.513     0.00     0.00     0.00     0.00     0.00 -1 -2.15e-09      0.00 7.390e-01 2.578e-01 2.699e-04 8.883e-05 7.035e-04 -1.000 3.229e-03 -0.642 1.264 0.005 -0.656 -0.879 -0.991 -1.033
0.0015467 -1.00000 10.11394 0.8163734078 2.4243187904    0.735  2.162  3.6881  1.847    7  0.000  0.513     0.00     0.00     0.00     0.00     0.00 -1 -2.12e-09      0.00 7.390e-01 2.578e-01 2.699e-04 8.883e-05 7.035e-04 -1.000 3.229e-03 -0.636 1.264 0.008 -0.650 -0.873 -0.984 -1.026
0.0015467 -1.00000 10.11394 0.8163756728 2.4243197441    0.735  2.143  3.6899  1.874    7  0.000  0.513     0.00     0.00     0.00     0.00     0.00 -1 -1.89e-09      0.00 7.390e-01 2.578e-01 2.699e-04 8.883e-05 7.035e-04 -1.000 3.229e-03 -0.587 1.280 0.044 -0.605 -0.824 -0.933 -0.974
0.0015467 -1.00000 10.11394 0.8163793683 2.4243209362    0.735  2.134  3.6907  1.885    7  0.000  0.513     0.00     0.00     0.00     0.00     0.00 -1  -1.8e-09      0.00 7.390e-01 2.578e-01 2.699e-04 8.883e-05 7.035e-04 -1.000 3.229e-03 -0.566 1.289 0.060 -0.586 -0.803 -0.911 -0.951
0.0015467 -1.00000 10.11394 0.8164024949 2.4243285656    0.733  2.140  3.6900  1.875    7  0.000  0.513     0.00     0.00     0.00     0.00     0.00 -1 -1.88e-09      0.00 7.390e-01 2.578e-01 2.699e-04 8.883e-05 7.035e-04 -1.000 3.229e-03 -0.581 1.285 0.049 -0.600 -0.819 -0.928 -0.968
0.0015467 -1.00000 10.11394 0.8164191842 2.4243340492    0.731  2.172  3.6870  1.830    7  0.000  0.513     0.00     0.00     0.00     0.00     0.00 -1 -2.27e-09      0.00 7.390e-01 2.578e-01 2.699e-04 8.883e-05 7.035e-04 -1.000 3.229e-03 -0.659 1.260 -0.007 -0.671 -0.896 -1.009 -1.051
0.0015467 -1.00000 10.11394 0.8164368868 2.4243400097    0.729  2.220  3.6823  1.762    7  0.000  0.513     0.00     0.00     0.00     0.00     0.00 -1 -3.01e-09      0.00 7.390e-01 2.578e-01 2.699e-04 8.883e-05 7.035e-04 -1.000 3.229e-03 -0.779 1.245 -0.093 -0.790 -1.020 -1.138 -1.183
0.0015467 -1.00000 10.11394 0.8164540529 2.4243457317    0.726  2.271  3.6774  1.689    7  0.000  0.513     0.00     0.00     0.00     0.00     0.00 -1 -4.07e-09      0.00 7.390e-01 2.578e-01 2.699e-04 8.883e-05 7.035e-04 -1.000 3.229e-03 -0.908 1.225 -0.184 -0.914 -1.151 -1.274 -1.323
0.0015467 -1.00000 10.11394 0.8164691329 2.4243507385    0.722  2.316  3.6734  1.626    7  0.000  0.513     0.00     0.00     0.00     0.00     0.00 -1 -5.31e-09      0.00 7.390e-01 2.578e-01 2.699e-04 8.883e-05 7.035e-04 -1.000 3.229e-03 -1.019 1.211 -0.261 -1.020 -1.263 -1.392 -1.443
0.0015467 -1.00000 10.11394 0.8164824247 2.4243552685    0.718  2.358  3.6695  1.566    7  0.000  0.513     0.00     0.00     0.00     0.00     0.00 -1 -6.86e-09      0.00 7.390e-01 2.578e-01 2.699e-04 8.883e-05 7.035e-04 -1.000 3.212e-03 -1.126 1.200 -0.334 -1.121 -1.370 -1.503 -1.558
0.0015467 -1.00000 10.11394 0.8164941072 2.4243590832    0.713  2.400  3.6658  1.506    7  0.000  0.513     0.00     0.00     0.00     0.00     0.00 -1  -8.8e-09      0.00 7.390e-01 2.579e-01 2.698e-04 8.884e-05 7.035e-04 -1.000 3.156e-03 -1.230 1.195 -0.402 -1.218 -1.473 -1.610 -1.668
0.0015467 -1.00000 10.11394 0.8165042996 2.4243626595    0.708  2.441  3.6621  1.448    7  0.000  0.512     0.00     0.00     0.00     0.00     0.00 -1 -1.13e-08      0.00 7.390e-01 2.579e-01 2.698e-04 8.884e-05 7.035e-04 -1.000 3.129e-03 -1.331 1.183 -0.468 -1.307 -1.571 -1.714 -1.774
0.0015467 -1.00000 10.11394 0.8165134788 2.4243655205    0.702  2.481  3.6586  1.390    7  0.000  0.512     0.00     0.00     0.00     0.00     0.00 -1 -1.44e-08      0.00 7.390e-01 2.579e-01 2.695e-04 8.893e-05 7.035e-04 -1.000 3.125e-03 -1.432 1.193 -0.529 -1.399 -1.669 -1.816 -1.880
0.0015467 -1.00000 10.11394 0.8165218234 2.4243683815    0.695  2.521  3.6550  1.331    7  0.000  0.510     0.00     0.00     0.00     0.00     0.00 -1 -1.84e-08      0.00 7.390e-01 2.579e-01 2.686e-04 8.942e-05 7.035e-04 -1.000 3.074e-03 -1.532 1.194 -0.590 -1.486 -1.764 -1.918 -1.984
0.0015467 -1.00000 10.11394 0.8165293932 2.4243710041    0.687  2.561  3.6502  1.266    7  0.000  0.506     0.00     0.00     0.00     0.00     0.00 -1 -2.37e-08      0.00 7.390e-01 2.580e-01 2.665e-04 9.123e-05 7.035e-04 -1.000 3.029e-03 -1.633 1.219 -0.639 -1.568 -1.857 -2.018 -2.088
0.0015467 -1.00000 10.11394 0.8165347576 2.4243726730    0.680  2.592  3.6446  1.209    7  0.000  0.501     0.00     0.00     0.00     0.00     0.00 -1  -2.9e-08      0.00 7.390e-01 2.580e-01 2.640e-04 9.382e-05 7.035e-04 -1.000 3.024e-03 -1.709 1.283 -0.654 -1.618 -1.921 -2.092 -2.166
0.0015467 -1.00000 10.11394 0.8165414333 2.4243750572    0.668  2.632  3.6384  1.137    7  0.000  0.493     0.00     0.00     0.00     0.00     0.00 -1 -3.78e-08      0.00 7.390e-01 2.580e-01 2.599e-04 9.866e-05 7.035e-04 -1.000 2.981e-03 -1.809 1.347 -0.683 -1.688 -2.007 -2.188 -2.268
0.0015467 -1.00000 10.11394 0.8165477514 2.4243769646    0.654  2.671  3.6349  1.074    7  0.000  0.485     0.00     0.00     0.00     0.00     0.00 -1 -4.95e-08      0.00 7.390e-01 2.581e-01 2.558e-04 1.036e-04 7.035e-04 -1.000 2.949e-03 -1.909 1.354 -0.737 -1.770 -2.098 -2.286 -2.368
0.0015467 -1.00000 10.11394 0.8165538311 2.4243791103    0.636  2.711  3.6318  1.010    7  0.000  0.478     0.00     0.00     0.00     0.00     0.00 -1  -6.6e-08      0.00 7.389e-01 2.581e-01 2.522e-04 1.080e-04 7.035e-04 -1.000 2.971e-03 -2.007 1.354 -0.794 -1.852 -2.189 -2.383 -2.468
0.0015467 -1.00000 10.11394 0.8165597320 2.4243810177    0.612  2.751  3.6293  0.943    7  0.000  0.472     0.00     0.00     0.00     0.00     0.00 -1 -9.07e-08      0.00 7.389e-01 2.582e-01 2.490e-04 1.120e-04 7.035e-04 -1.000 2.931e-03 -2.108 1.350 -0.854 -1.939 -2.284 -2.483 -2.570
0.0015467 -1.00000 10.11394 0.8165652156 2.4243829250    0.581  2.791  3.6291  0.880    7  0.000  0.466     0.00     0.00     0.00     0.00     0.00 -1 -1.29e-07      0.00 7.389e-01 2.582e-01 2.462e-04 1.154e-04 7.035e-04 -1.000 2.910e-03 -2.207 1.298 -0.937 -2.036 -2.384 -2.585 -2.672
0.0015467 -1.00000 10.11394 0.8165701628 2.4243845940    0.542  2.831  3.6359  0.836    7  0.000  0.461     0.00     0.00     0.00     0.00     0.00 -1 -1.91e-07      0.00 7.388e-01 2.583e-01 2.437e-04 1.184e-04 7.034e-04 -1.000 2.899e-03 -2.309 1.081 -1.106 -2.176 -2.508 -2.697 -2.779
0.0015467 -1.00000 10.11394 0.8165724277 2.4243853092    0.508  2.852  3.6502  0.845    7  0.000  0.458     0.00     0.00     0.00     0.00     0.00 -1 -2.32e-07      0.00 7.388e-01 2.583e-01 2.421e-04 1.205e-04 7.034e-04 -1.000 2.896e-03 -2.361 0.720 -1.309 -2.300 -2.599 -2.763 -2.835
0.0015467 -1.00000 10.11394 1.0965409279 2.4910964966    0.544 -4.603  3.5566  7.955    9  0.545  0.000     0.00     0.00     0.00     0.00     0.00 -1    -1e-30      0.00 7.252e-01 2.732e-01 2.244e-04 1.654e-04 7.173e-04 -1.000 1.584e-03 16.277 20.656 18.442 16.890 16.049 15.720 15.625
#isochrone terminated
