# File generated by CMD 3.4 (http://stev.oapd.inaf.it/cmd) on Fri May 21 15:00:42 CEST 2021
# isochrones based on PARSEC release v1.2S +  COLIBRI S_37 + S_35 + PR16
# Basic references: Bressan et al. (2012), MNRAS, 427, 127 + Chen et al. (2014, 2015), MNRAS, 444, 2525 + MNRAS, 452, 1068 + Tang et al. (2014), MNRAS, 445, 4287 + Marigo et al. (2017), ApJ, 835, 77 + Pastorelli al. (2019), MNRAS, 485, 5666 + Pastorelli al. (2020), MNRAS, in press
# Thermal pulse cycles included 
# On RGB, assumed Reimers mass loss with efficiency eta=0.2
# LPV periods and growth rates added cf. Trabucchi et al. (2019)
# Photometric system: DECAM (ABmags)
# Using YBC version of bolometric corrections as in Chen et al. (2019)
# O-rich circumstellar dpmod60alox40 dust from Groenewegen (2006)
# C-rich circumstellar AMCSIC15 dust from Groenewegen (2006)
# IMF: Kroupa (2001, 2002) + Kroupa et al. (2013) canonical two-part-power law IMF corrected for unresolved binaries 
# Kind of output: isochrone tables
# Zini     MH   logAge Mini        int_IMF         Mass   logL    logTe  logg  label   McoreTP C_O  period0  period1  period2  period3  period4  pmode  Mloss  tau1m   X   Y   Xc  Xn  Xo  Cexcess  Z 	 mbolmag  umag    gmag    rmag    imag    zmag    Ymag
0.00015547 -2.00000 10.11394 0.0936335474 1.1156111956    0.094 -3.046  3.5139  5.463    1  0.000  0.545     0.00     0.00     0.00     0.00     0.00 -1 -6.86e-17      0.00 7.470e-01 2.528e-01 2.943e-05 7.939e-06 7.201e-05 -1.000 1.637e-04 12.386 17.302 15.011 13.199 12.115 11.730 11.627
0.00015547 -2.00000 10.11394 0.0974459797 1.1494106054    0.097 -2.929  3.5303  5.428    1  0.000  0.545     0.00     0.00     0.00     0.00     0.00 -1 -9.18e-17      0.00 7.460e-01 2.538e-01 2.943e-05 7.939e-06 7.201e-05 -1.000 1.636e-04 12.091 16.818 14.465 12.738 11.830 11.479 11.376
0.00015547 -2.00000 10.11394 0.1035686582 1.2002434731    0.103 -2.749  3.5553  5.374    1  0.000  0.545     0.00     0.00     0.00     0.00     0.00 -1 -1.43e-16      0.00 7.444e-01 2.554e-01 2.943e-05 7.939e-06 7.201e-05 -1.000 1.637e-04 11.643 15.905 13.641 12.070 11.390 11.085 10.986
0.00015547 -2.00000 10.11394 0.1234388798 1.3415665627    0.123 -2.473  3.5830  5.286    1  0.000  0.545     0.00     0.00     0.00     0.00     0.00 -1 -2.74e-16      0.00 7.409e-01 2.589e-01 2.943e-05 7.940e-06 7.201e-05 -1.000 1.636e-04 10.953 14.594 12.574 11.214 10.702 10.442 10.352
0.00015547 -2.00000 10.11394 0.1433091164 1.4560320377    0.143 -2.296  3.5965  5.227    1  0.000  0.545     0.00     0.00     0.00     0.00     0.00 -1 -3.28e-16      0.00 7.387e-01 2.611e-01 2.943e-05 7.940e-06 7.201e-05 -1.000 1.637e-04 10.510 13.850 11.967 10.719 10.257 10.017 9.933
0.00015547 -2.00000 10.11394 0.1631793380 1.5515257120    0.163 -2.157  3.6052  5.180    1  0.000  0.545     0.00     0.00     0.00     0.00     0.00 -1 -5.57e-16      0.00 7.375e-01 2.623e-01 2.943e-05 7.940e-06 7.201e-05 -1.000 1.637e-04 10.163 13.323 11.523 10.344 9.909 9.681 9.602
0.00015547 -2.00000 10.11394 0.2029198259 1.7036917210    0.203 -1.943  3.6169  5.107    1  0.000  0.545     0.00     0.00     0.00     0.00     0.00 -1 -8.89e-16      0.00 7.370e-01 2.629e-01 2.943e-05 7.940e-06 7.201e-05 -1.000 1.636e-04 9.628 12.559 10.865 9.772 9.370 9.159 9.086
0.00015547 -2.00000 10.11394 0.2525954247 1.8468697071    0.252 -1.748  3.6275  5.050    1  0.000  0.545     0.00     0.00     0.00     0.00     0.00 -1 -1.07e-15      0.00 7.372e-01 2.626e-01 2.943e-05 7.940e-06 7.201e-05 -1.000 1.635e-04 9.139 11.875 10.270 9.252 8.877 8.682 8.614
0.00015547 -2.00000 10.11394 0.3022710085 1.9574397802    0.302 -1.597  3.6364  5.013    1  0.000  0.545     0.00     0.00     0.00     0.00     0.00 -1 -1.68e-15      0.00 7.373e-01 2.626e-01 2.942e-05 7.941e-06 7.201e-05 -1.000 1.637e-04 8.763 11.345 9.811 8.850 8.497 8.315 8.252
0.00015547 -2.00000 10.11394 0.3519465625 2.0465965271    0.352 -1.472  3.6446  4.987    1  0.000  0.544     0.00     0.00     0.00     0.00     0.00 -1 -2.27e-15      0.00 7.374e-01 2.625e-01 2.939e-05 7.942e-06 7.201e-05 -1.000 1.637e-04 8.450 10.898 9.426 8.515 8.181 8.010 7.952
0.00015547 -2.00000 10.11394 0.4016221464 2.1207315922    0.401 -1.345  3.6536  4.953    1  0.000  0.545     0.00     0.00     0.00     0.00     0.00 -1 -2.99e-15      0.00 7.501e-01 2.497e-01 2.943e-05 7.939e-06 7.201e-05 -1.000 1.637e-04 8.133 10.438 9.036 8.176 7.862 7.704 7.651
0.00015547 -2.00000 10.11394 0.4512977004 2.1838121414    0.451 -1.191  3.6685  4.909    1  0.000  0.545     0.00     0.00     0.00     0.00     0.00 -1 -4.24e-15      0.00 7.507e-01 2.491e-01 2.943e-05 7.939e-06 7.201e-05 -1.000 1.636e-04 7.747 9.817 8.537 7.757 7.475 7.337 7.292
0.00015547 -2.00000 10.11394 0.5009732842 2.2384552956    0.501 -1.017  3.6858  4.850    1  0.000  0.545     0.00     0.00     0.00     0.00     0.00 -1 -6.41e-15      0.00 7.514e-01 2.484e-01 2.938e-05 7.926e-06 7.189e-05 -1.000 1.637e-04 7.313 9.125 7.989 7.295 7.047 6.932 6.896
0.00015547 -2.00000 10.11394 0.5506489277 2.2841949463    0.550 -0.808  3.7064  4.764    1  0.000  0.544     0.00     0.00     0.00     0.00     0.00 -1 -1.09e-14      0.00 7.877e-01 2.122e-01 2.535e-05 6.844e-06 6.210e-05 -1.000 9.908e-05 6.790 8.322 7.351 6.749 6.539 6.449 6.424
0.00015547 -2.00000 10.11394 0.6003244519 2.3213412762    0.600 -0.594  3.7324  4.691    1  0.000  0.544     0.00     0.00     0.00     0.00     0.00 -1 -1.86e-14      0.00 8.013e-01 1.986e-01 2.390e-05 6.459e-06 5.864e-05 -1.000 1.398e-04 6.254 7.493 6.702 6.203 6.038 5.978 5.965
0.00015547 -2.00000 10.11394 0.6044906974 2.3241391182    0.604 -0.575  3.7350  4.686    1  0.000  0.543     0.00     0.00     0.00     0.00     0.00 -1 -1.95e-14      0.00 8.027e-01 1.972e-01 2.376e-05 6.419e-06 5.828e-05 -1.000 1.612e-04 6.206 7.421 6.645 6.156 5.995 5.937 5.925
0.00015547 -2.00000 10.11394 0.6141785383 2.3304767609    0.614 -0.530  3.7409  4.671    1  0.000  0.543     0.00     0.00     0.00     0.00     0.00 -1 -2.18e-14      0.00 8.060e-01 1.938e-01 2.340e-05 6.325e-06 5.744e-05 -1.000 1.525e-04 6.095 7.254 6.512 6.045 5.893 5.842 5.833
0.00015547 -2.00000 10.11394 0.6235817671 2.3364119530    0.623 -0.486  3.7465  4.657    1  0.000  0.543     0.00     0.00     0.00     0.00     0.00 -1  -2.3e-17      0.00 8.095e-01 1.904e-01 2.305e-05 6.230e-06 5.659e-05 -1.000 1.404e-04 5.985 7.097 6.384 5.938 5.796 5.751 5.744
0.00015547 -2.00000 10.11394 0.6346579790 2.3431444168    0.634 -0.434  3.7531  4.639    1  0.000  0.543     0.00     0.00     0.00     0.00     0.00 -1 -3.69e-19      0.00 8.137e-01 1.862e-01 2.261e-05 6.112e-06 5.553e-05 -1.000 1.146e-04 5.855 6.912 6.233 5.812 5.681 5.643 5.639
0.00015547 -2.00000 10.11394 0.6444761753 2.3488903046    0.644 -0.387  3.7588  4.621    1  0.000  0.542     0.00     0.00     0.00     0.00     0.00 -1 -5.64e-16      0.00 8.177e-01 1.822e-01 2.219e-05 6.002e-06 5.454e-05 -1.000 1.127e-04 5.738 6.749 6.099 5.699 5.578 5.546 5.544
0.00015547 -2.00000 10.11394 0.6499999762 2.3520355225    0.650 -0.360  3.7620  4.611    1  0.000  0.542     0.00     0.00     0.00     0.00     0.00 -1 -3.36e-14      0.00 8.200e-01 1.798e-01 2.195e-05 5.938e-06 5.397e-05 -1.000 1.516e-04 5.671 6.659 6.023 5.635 5.519 5.490 5.490
0.00015547 -2.00000 10.11394 0.6540117264 2.3542814255    0.654 -0.341  3.7642  4.603    1  0.000  0.542     0.00     0.00     0.00     0.00     0.00 -1 -3.53e-14      0.00 8.221e-01 1.778e-01 2.174e-05 5.880e-06 5.345e-05 -1.000 1.449e-04 5.622 6.595 5.969 5.589 5.476 5.449 5.450
0.00015547 -2.00000 10.11394 0.6635029316 2.3594706059    0.663 -0.293  3.7694  4.582    1  0.000  0.542     0.00     0.00     0.00     0.00     0.00 -1 -2.33e-14      0.00 8.273e-01 1.726e-01 2.120e-05 5.737e-06 5.216e-05 -1.000 1.212e-04 5.503 6.442 5.837 5.476 5.371 5.350 5.352
0.00015547 -2.00000 10.11394 0.6725640297 2.3642680645    0.672 -0.247  3.7743  4.561    1  0.000  0.541     0.00     0.00     0.00     0.00     0.00 -1 -2.75e-15      0.00 8.325e-01 1.674e-01 2.065e-05 5.592e-06 5.086e-05 -1.000 1.267e-04 5.387 6.297 5.709 5.365 5.268 5.251 5.255
0.00015547 -2.00000 10.11394 0.6806053519 2.3684027195    0.680 -0.204  3.7786  4.541    1  0.000  0.541     0.00     0.00     0.00     0.00     0.00 -1  -2.3e-19      0.00 8.375e-01 1.624e-01 2.014e-05 5.456e-06 4.964e-05 -1.000 1.175e-04 5.280 6.164 5.593 5.264 5.173 5.160 5.166
0.00015547 -2.00000 10.11394 0.6883965731 2.3723027706    0.688 -0.161  3.7827  4.519    1  0.000  0.540     0.00     0.00     0.00     0.00     0.00 -1 -1.01e-17      0.00 8.425e-01 1.574e-01 1.962e-05 5.317e-06 4.839e-05 -1.000 1.270e-04 5.172 6.035 5.476 5.162 5.078 5.069 5.076
0.00015547 -2.00000 10.11394 0.6976188421 2.3767902851    0.697 -0.108  3.7875  4.491    1  0.000  0.540     0.00     0.00     0.00     0.00     0.00 -1 -1.14e-14      0.00 8.487e-01 1.512e-01 1.897e-05 5.145e-06 4.685e-05 -1.000 1.476e-04 5.039 5.877 5.331 5.035 4.959 4.955 4.963
0.00015547 -2.00000 10.11394 0.6999999881 2.3779268265    0.700 -0.094  3.7888  4.484    1  0.000  0.540     0.00     0.00     0.00     0.00     0.00 -1 -6.91e-14      0.00 8.503e-01 1.495e-01 1.880e-05 5.099e-06 4.644e-05 -1.000 1.563e-04 5.004 5.835 5.293 5.001 4.927 4.924 4.933
0.00015547 -2.00000 10.11394 0.7018913627 2.3788232803    0.701 -0.082  3.7897  4.477    1  0.000  0.539     0.00     0.00     0.00     0.00     0.00 -1 -7.14e-14      0.00 8.514e-01 1.485e-01 1.869e-05 5.073e-06 4.620e-05 -1.000 1.598e-04 4.976 5.802 5.263 4.974 4.901 4.900 4.909
0.00015547 -2.00000 10.11394 0.7100732327 2.3826382160    0.710 -0.030  3.7938  4.446    1  0.000  0.537     0.00     0.00     0.00     0.00     0.00 -1 -8.28e-14      0.00 8.557e-01 1.442e-01 1.826e-05 4.968e-06 4.530e-05 -1.000 8.631e-05 4.846 5.654 5.123 4.849 4.783 4.785 4.796
0.00015547 -2.00000 10.11394 0.7170997262 2.3858344555    0.717  0.017  3.7972  4.417    1  0.000  0.536     0.00     0.00     0.00     0.00     0.00 -1 -9.49e-14      0.00 8.590e-01 1.410e-01 1.795e-05 4.896e-06 4.467e-05 -1.000 7.302e-05 4.728 5.521 4.997 4.735 4.675 4.680 4.692
0.00015547 -2.00000 10.11394 0.7239065766 2.3888628483    0.723  0.065  3.8003  4.385    1  0.000  0.534     0.00     0.00     0.00     0.00     0.00 -1    -8e-14      0.00 8.617e-01 1.381e-01 1.769e-05 4.837e-06 4.416e-05 -1.000 1.469e-04 4.606 5.385 4.867 4.616 4.561 4.570 4.583
0.00015547 -2.00000 10.11394 0.7307135463 2.3918266296    0.730  0.118  3.8033  4.349    1  0.000  0.533     0.00     0.00     0.00     0.00     0.00 -1 -8.55e-20      0.00 8.643e-01 1.356e-01 1.747e-05 4.787e-06 4.372e-05 -1.000 1.342e-04 4.475 5.242 4.728 4.488 4.438 4.449 4.463
0.00015547 -2.00000 10.11394 0.7385782599 2.3951728344    0.738  0.184  3.8066  4.300    1  0.000  0.531     0.00     0.00     0.00     0.00     0.00 -1 -2.47e-17      0.00 8.670e-01 1.329e-01 1.724e-05 4.736e-06 4.329e-05 -1.000 1.124e-04 4.309 5.063 4.552 4.325 4.280 4.295 4.309
0.00015547 -2.00000 10.11394 0.7459288239 2.3982269764    0.745  0.253  3.8091  4.246    1  0.000  0.529     0.00     0.00     0.00     0.00     0.00 -1 -8.59e-15      0.00 8.691e-01 1.308e-01 1.706e-05 4.696e-06 4.296e-05 -1.000 8.813e-05 4.138 4.880 4.372 4.154 4.114 4.132 4.147
0.00015547 -2.00000 10.11394 0.7500000000 2.3998889923    0.749  0.294  3.8102  4.211    1  0.000  0.529     0.00     0.00     0.00     0.00     0.00 -1 -2.22e-13      0.00 8.701e-01 1.298e-01 1.698e-05 4.681e-06 4.284e-05 -1.000 1.000e-04 4.034 4.772 4.265 4.051 4.013 4.032 4.047
0.00015547 -2.00000 10.11394 0.7526855469 2.4009740353    0.752  0.322  3.8110  4.188    1  0.000  0.529     0.00     0.00     0.00     0.00     0.00 -1 -2.43e-13      0.00 8.696e-01 1.303e-01 1.706e-05 4.702e-06 4.303e-05 -1.000 1.000e-04 3.965 4.700 4.193 3.983 3.946 3.965 3.981
0.00015547 -2.00000 10.11394 0.7567437887 2.4025969505    0.756  0.368  3.8116  4.147    1  0.000  0.529     0.00     0.00     0.00     0.00     0.00 -1 -2.83e-13      0.00 8.685e-01 1.314e-01 1.721e-05 4.744e-06 4.342e-05 -1.000 9.996e-05 3.851 4.582 4.075 3.868 3.833 3.853 3.868
0.00015547 -2.00000 10.11394 0.7582570314 2.4031968117    0.757  0.386  3.8114  4.128    1  0.000  0.528     0.00     0.00     0.00     0.00     0.00 -1 -3.02e-13      0.00 8.681e-01 1.318e-01 1.727e-05 4.760e-06 4.356e-05 -1.000 1.000e-04 3.804 4.535 4.027 3.820 3.785 3.805 3.820
0.00015547 -2.00000 10.11394 0.7623690367 2.4048135281    0.761  0.442  3.8097  4.069    1  0.000  0.528     0.00     0.00     0.00     0.00     0.00 -1 -3.64e-13      0.00 8.670e-01 1.329e-01 1.742e-05 4.803e-06 4.395e-05 -1.000 1.000e-04 3.666 4.402 3.891 3.680 3.642 3.660 3.675
0.00015547 -2.00000 10.11394 0.7652465701 2.4059329033    0.764  0.486  3.8071  4.016    1  0.000  0.528     0.00     0.00     0.00     0.00     0.00 -1 -4.29e-13      0.00 8.662e-01 1.337e-01 1.753e-05 4.833e-06 4.423e-05 -1.000 9.999e-05 3.556 4.300 3.785 3.566 3.525 3.541 3.555
0.00015547 -2.00000 10.11394 0.7658601999 2.4061703682    0.765  0.496  3.8063  4.003    1  0.000  0.528     0.00     0.00     0.00     0.00     0.00 -1 -4.47e-13      0.00 8.660e-01 1.339e-01 1.755e-05 4.839e-06 4.429e-05 -1.000 9.990e-05 3.531 4.277 3.761 3.540 3.498 3.513 3.527
0.00015547 -2.00000 10.11394 0.7664470673 2.4063971043    0.765  0.507  3.8052  3.988    1  0.000  0.528     0.00     0.00     0.00     0.00     0.00 -1 -4.66e-13      0.00 8.659e-01 1.340e-01 1.758e-05 4.845e-06 4.434e-05 -1.000 9.994e-05 3.504 4.254 3.736 3.512 3.468 3.482 3.495
0.00015547 -2.00000 10.11394 0.7684223652 2.4071571827    0.767  0.546  3.8001  3.929    2  0.000  0.528     0.00     0.00     0.00     0.00     0.00 -1 -5.43e-13      0.00 8.653e-01 1.346e-01 1.765e-05 4.865e-06 4.453e-05 -1.000 9.990e-05 3.405 4.173 3.647 3.408 3.357 3.365 3.377
0.00015547 -2.00000 10.11394 0.7699353099 2.4077363014    0.769  0.582  3.7938  3.869    2  0.000  0.528     0.00     0.00     0.00     0.00     0.00 -1 -6.31e-13      0.00 8.649e-01 1.350e-01 1.771e-05 4.881e-06 4.467e-05 -1.000 9.993e-05 3.316 4.109 3.572 3.313 3.252 3.255 3.264
0.00015547 -2.00000 10.11394 0.7711213231 2.4081885815    0.770  0.614  3.7863  3.807    2  0.000  0.528     0.00     0.00     0.00     0.00     0.00 -1  -7.3e-13      0.00 8.642e-01 1.357e-01 1.782e-05 4.912e-06 4.495e-05 -1.000 1.190e-04 3.234 4.059 3.509 3.226 3.153 3.148 3.155
0.00015547 -2.00000 10.11394 0.7720781565 2.4085521698    0.771  0.644  3.7783  3.746    2  0.000  0.529     0.00     0.00     0.00     0.00     0.00 -1 -8.38e-13      0.00 8.557e-01 1.441e-01 1.878e-05 5.174e-06 4.733e-05 -1.000 1.118e-04 3.160 4.022 3.454 3.145 3.060 3.047 3.051
0.00015547 -2.00000 10.11394 0.7728812695 2.4088566303    0.771  0.672  3.7706  3.688    2  0.000  0.531     0.00     0.00     0.00     0.00     0.00 -1 -9.55e-13      0.00 8.346e-01 1.653e-01 2.094e-05 5.758e-06 5.259e-05 -1.000 1.117e-04 3.090 3.993 3.404 3.070 2.973 2.953 2.954
0.00015547 -2.00000 10.11394 0.7735900283 2.4091246128    0.772  0.701  3.7632  3.630    2  0.000  0.533     0.00     0.00     0.00     0.00     0.00 -1 -1.09e-12      0.00 8.088e-01 1.911e-01 2.342e-05 6.423e-06 5.855e-05 -1.000 1.104e-04 3.018 3.964 3.353 2.993 2.885 2.858 2.856
0.00015547 -2.00000 10.11394 0.7742191553 2.4093620777    0.773  0.733  3.7566  3.572    2  0.000  0.535     0.00     0.00     0.00     0.00     0.00 -1 -1.26e-12      0.00 7.921e-01 2.078e-01 2.500e-05 6.846e-06 6.232e-05 -1.000 1.122e-04 2.938 3.926 3.293 2.911 2.792 2.758 2.753
0.00015547 -2.00000 10.11394 0.7748423219 2.4095966816    0.773  0.773  3.7507  3.508    2  0.000  0.536     0.00     0.00     0.00     0.00     0.00 -1 -1.48e-12      0.00 7.818e-01 2.181e-01 2.598e-05 7.108e-06 6.466e-05 -1.000 1.584e-04 2.836 3.862 3.209 2.807 2.679 2.638 2.632
0.00015547 -2.00000 10.11394 0.7753343582 2.4097819328    0.774  0.813  3.7469  3.453    2  0.000  0.536     0.00     0.00     0.00     0.00     0.00 -1 -1.73e-12      0.00 7.766e-01 2.232e-01 2.647e-05 7.240e-06 6.583e-05 -1.000 1.636e-04 2.738 3.791 3.123 2.708 2.574 2.529 2.520
0.00015547 -2.00000 10.11394 0.7756707668 2.4099082947    0.774  0.843  3.7445  3.414    2  0.000  0.536     0.00     0.00     0.00     0.00     0.00 -1 -1.94e-12      0.00 7.739e-01 2.259e-01 2.672e-05 7.307e-06 6.644e-05 -1.000 1.637e-04 2.663 3.733 3.056 2.633 2.495 2.447 2.438
0.00015547 -2.00000 10.11394 0.7759687304 2.4100201130    0.774  0.872  3.7429  3.378    3  0.000  0.536     0.00     0.00     0.00     0.00     0.00 -1 -2.16e-12      0.00 7.721e-01 2.277e-01 2.688e-05 7.350e-06 6.682e-05 -1.000 1.524e-04 2.589 3.671 2.987 2.558 2.418 2.369 2.358
0.00015547 -2.00000 10.11394 0.7763594389 2.4101665020    0.774  0.913  3.7409  3.329    3  0.000  0.537     0.00     0.00     0.00     0.00     0.00 -1 -2.51e-12      0.00 7.699e-01 2.299e-01 2.707e-05 7.400e-06 6.727e-05 -1.000 1.509e-04 2.487 3.583 2.892 2.456 2.313 2.261 2.250
0.00015547 -2.00000 10.11394 0.7767530084 2.4103138447    0.775  0.957  3.7390  3.279    3  0.000  0.537     0.00     0.00     0.00     0.00     0.00 -1 -2.93e-12      0.00 7.680e-01 2.319e-01 2.722e-05 7.441e-06 6.764e-05 -1.000 1.354e-04 2.378 3.488 2.789 2.348 2.201 2.148 2.136
0.00015547 -2.00000 10.11394 0.7771300673 2.4104549885    0.775  1.001  3.7374  3.228    3  0.000  0.537     0.00     0.00     0.00     0.00     0.00 -1 -3.45e-12      0.00 7.662e-01 2.336e-01 2.734e-05 7.474e-06 6.793e-05 -1.000 1.629e-04 2.267 3.389 2.684 2.237 2.088 2.033 2.020
0.00015547 -2.00000 10.11394 0.7775307894 2.4106047153    0.775  1.052  3.7357  3.171    3  0.000  0.537     0.00     0.00     0.00     0.00     0.00 -1 -4.13e-12      0.00 7.645e-01 2.353e-01 2.745e-05 7.504e-06 6.820e-05 -1.000 1.637e-04 2.141 3.277 2.564 2.112 1.960 1.903 1.889
0.00015547 -2.00000 10.11394 0.7778670192 2.4107301235    0.776  1.097  3.7342  3.120    3  0.000  0.537     0.00     0.00     0.00     0.00     0.00 -1 -4.86e-12      0.00 7.631e-01 2.367e-01 2.754e-05 7.527e-06 6.840e-05 -1.000 1.637e-04 2.028 3.174 2.455 1.999 1.845 1.786 1.772
0.00015547 -2.00000 10.11394 0.7782072425 2.4108569622    0.776  1.146  3.7327  3.064    3  0.000  0.537     0.00     0.00     0.00     0.00     0.00 -1 -5.81e-12      0.00 7.617e-01 2.381e-01 2.760e-05 7.547e-06 6.858e-05 -1.000 1.531e-04 1.904 3.062 2.337 1.876 1.720 1.659 1.644
0.00015547 -2.00000 10.11394 0.7785410285 2.4109814167    0.776  1.199  3.7312  3.005    3  0.000  0.537     0.00     0.00     0.00     0.00     0.00 -1 -7.02e-12      0.00 7.604e-01 2.394e-01 2.766e-05 7.566e-06 6.873e-05 -1.000 1.556e-04 1.772 2.941 2.210 1.745 1.586 1.523 1.507
0.00015547 -2.00000 10.11394 0.7788104415 2.4110815525    0.776  1.246  3.7297  2.953    3  0.000  0.536     0.00     0.00     0.00     0.00     0.00 -1 -8.31e-12      0.00 7.594e-01 2.404e-01 2.769e-05 7.582e-06 6.884e-05 -1.000 1.624e-04 1.655 2.835 2.098 1.628 1.467 1.403 1.386
0.00015547 -2.00000 10.11394 0.7790703177 2.4111783504    0.776  1.295  3.7283  2.898    3  0.000  0.536     0.00     0.00     0.00     0.00     0.00 -1  -9.9e-12      0.00 7.584e-01 2.414e-01 2.770e-05 7.598e-06 6.894e-05 -1.000 1.637e-04 1.532 2.725 1.980 1.506 1.343 1.277 1.259
0.00015547 -2.00000 10.11394 0.7793038487 2.4112651348    0.776  1.343  3.7268  2.844    3  0.000  0.535     0.00     0.00     0.00     0.00     0.00 -1 -1.18e-11      0.00 7.576e-01 2.422e-01 2.770e-05 7.615e-06 6.901e-05 -1.000 1.611e-04 1.412 2.616 1.865 1.387 1.221 1.154 1.135
0.00015547 -2.00000 10.11394 0.7795153856 2.4113435745    0.777  1.391  3.7253  2.791    3  0.000  0.535     0.00     0.00     0.00     0.00     0.00 -1  -1.4e-11      0.00 7.569e-01 2.429e-01 2.769e-05 7.634e-06 6.907e-05 -1.000 1.487e-04 1.293 2.510 1.752 1.269 1.101 1.031 1.012
0.00015547 -2.00000 10.11394 0.7797046900 2.4114139080    0.777  1.437  3.7238  2.738    3  0.000  0.534     0.00     0.00     0.00     0.00     0.00 -1 -1.65e-11      0.00 7.563e-01 2.435e-01 2.767e-05 7.654e-06 6.911e-05 -1.000 1.555e-04 1.176 2.405 1.641 1.153 0.983 0.912 0.892
0.00015547 -2.00000 10.11394 0.7798838019 2.4114801884    0.777  1.486  3.7223  2.684    3  0.000  0.533     0.00     0.00     0.00     0.00     0.00 -1 -1.97e-11      0.00 7.559e-01 2.440e-01 2.765e-05 7.677e-06 6.915e-05 -1.000 1.636e-04 1.056 2.296 1.526 1.033 0.860 0.787 0.767
0.00015547 -2.00000 10.11394 0.7800428867 2.4115393162    0.777  1.533  3.7207  2.630    3  0.000  0.533     0.00     0.00     0.00     0.00     0.00 -1 -2.33e-11      0.00 7.555e-01 2.443e-01 2.763e-05 7.697e-06 6.918e-05 -1.000 1.636e-04 0.938 2.191 1.414 0.916 0.741 0.666 0.645
0.00015547 -2.00000 10.11394 0.7801842093 2.4115915298    0.776  1.579  3.7192  2.578    3  0.000  0.532     0.00     0.00     0.00     0.00     0.00 -1 -2.75e-11      0.00 7.553e-01 2.446e-01 2.761e-05 7.713e-06 6.920e-05 -1.000 1.636e-04 0.823 2.090 1.305 0.803 0.625 0.549 0.527
0.00015547 -2.00000 10.11394 0.7803122997 2.4116389751    0.776  1.624  3.7177  2.527    3  0.000  0.532     0.00     0.00     0.00     0.00     0.00 -1 -3.24e-11      0.00 7.551e-01 2.447e-01 2.760e-05 7.722e-06 6.921e-05 -1.000 1.497e-04 0.710 1.990 1.199 0.691 0.511 0.433 0.410
0.00015547 -2.00000 10.11394 0.7804324031 2.4116835594    0.776  1.670  3.7161  2.474    3  0.000  0.532     0.00     0.00     0.00     0.00     0.00 -1 -3.83e-11      0.00 7.550e-01 2.448e-01 2.760e-05 7.728e-06 6.921e-05 -1.000 1.636e-04 0.595 1.891 1.090 0.577 0.394 0.314 0.290
0.00015547 -2.00000 10.11394 0.7805384398 2.4117228985    0.776  1.714  3.7145  2.423    3  0.000  0.532     0.00     0.00     0.00     0.00     0.00 -1  -4.5e-11      0.00 7.550e-01 2.448e-01 2.759e-05 7.731e-06 6.922e-05 -1.000 1.637e-04 0.484 1.797 0.986 0.466 0.281 0.199 0.174
0.00015547 -2.00000 10.11394 0.7806363702 2.4117591381    0.776  1.759  3.7129  2.372    3  0.000  0.532     0.00     0.00     0.00     0.00     0.00 -1 -5.29e-11      0.00 7.550e-01 2.448e-01 2.759e-05 7.732e-06 6.922e-05 -1.000 1.637e-04 0.372 1.701 0.880 0.355 0.167 0.083 0.058
0.00015547 -2.00000 10.11394 0.7807263136 2.4117922783    0.776  1.804  3.7113  2.321    3  0.000  0.532     0.00     0.00     0.00     0.00     0.00 -1 -6.21e-11      0.00 7.550e-01 2.448e-01 2.759e-05 7.732e-06 6.922e-05 -1.000 1.637e-04 0.260 1.607 0.776 0.244 0.053 -0.032 -0.059
0.00015547 -2.00000 10.11394 0.7808061838 2.4118218422    0.775  1.847  3.7096  2.271    3  0.000  0.532     0.00     0.00     0.00     0.00     0.00 -1 -1.29e-13      0.00 7.550e-01 2.448e-01 2.759e-05 7.732e-06 6.922e-05 -1.000 1.637e-04 0.153 1.517 0.675 0.137 -0.056 -0.144 -0.171
0.00015547 -2.00000 10.11394 0.7808800340 2.4118492603    0.775  1.890  3.7081  2.222    3  0.000  0.532     0.00     0.00     0.00     0.00     0.00 -1 -3.66e-15      0.00 7.550e-01 2.448e-01 2.759e-05 7.733e-06 6.922e-05 -1.000 1.636e-04 0.045 1.429 0.575 0.031 -0.165 -0.255 -0.283
0.00015547 -2.00000 10.11394 0.7809509635 2.4118752480    0.775  1.935  3.7064  2.170    3  0.000  0.532     0.00     0.00     0.00     0.00     0.00 -1 -1.83e-15      0.00 7.550e-01 2.449e-01 2.759e-05 7.733e-06 6.922e-05 -1.000 1.637e-04 -0.066 1.337 0.472 -0.079 -0.278 -0.370 -0.399
0.00015547 -2.00000 10.11394 0.7810117602 2.4118978977    0.775  1.976  3.7047  2.122    3  0.000  0.532     0.00     0.00     0.00     0.00     0.00 -1 -2.13e-15      0.00 7.550e-01 2.449e-01 2.759e-05 7.733e-06 6.922e-05 -1.000 1.636e-04 -0.170 1.253 0.377 -0.181 -0.383 -0.477 -0.506
0.00015547 -2.00000 10.11394 0.7810678482 2.4119186401    0.775  2.017  3.7032  2.075    3  0.000  0.532     0.00     0.00     0.00     0.00     0.00 -1 -2.46e-15      0.00 7.550e-01 2.449e-01 2.759e-05 7.734e-06 6.922e-05 -1.000 1.637e-04 -0.273 1.170 0.282 -0.283 -0.487 -0.583 -0.614
0.00015547 -2.00000 10.11394 0.7811214924 2.4119384289    0.774  2.059  3.7015  2.026    3  0.000  0.532     0.00     0.00     0.00     0.00     0.00 -1 -2.86e-15      0.00 7.550e-01 2.449e-01 2.759e-05 7.734e-06 6.922e-05 -1.000 1.636e-04 -0.378 1.084 0.185 -0.387 -0.595 -0.692 -0.724
0.00015547 -2.00000 10.11394 0.7811683416 2.4119555950    0.774  2.099  3.6999  1.980    3  0.000  0.532     0.00     0.00     0.00     0.00     0.00 -1 -3.28e-15      0.00 7.550e-01 2.449e-01 2.759e-05 7.734e-06 6.922e-05 -1.000 1.637e-04 -0.476 1.007 0.095 -0.484 -0.694 -0.794 -0.826
0.00015547 -2.00000 10.11394 0.7812122703 2.4119718075    0.774  2.137  3.6983  1.934    3  0.000  0.532     0.00     0.00     0.00     0.00     0.00 -1 -3.74e-15      0.00 7.550e-01 2.449e-01 2.759e-05 7.734e-06 6.923e-05 -1.000 1.637e-04 -0.573 0.933 0.008 -0.579 -0.792 -0.894 -0.927
0.00015547 -2.00000 10.11394 0.7812579274 2.4119887352    0.773  2.174  3.6969  1.891    3  0.000  0.532     0.00     0.00     0.00     0.00     0.00 -1 -4.26e-15      0.00 7.550e-01 2.449e-01 2.759e-05 7.734e-06 6.923e-05 -1.000 1.636e-04 -0.666 0.861 -0.077 -0.671 -0.886 -0.990 -1.024
0.00015547 -2.00000 10.11394 0.7813084722 2.4120073318    0.773  2.204  3.6957  1.857    3  0.000  0.532     0.00     0.00     0.00     0.00     0.00 -1 -4.79e-15      0.00 7.549e-01 2.449e-01 2.759e-05 7.735e-06 6.923e-05 -1.000 1.636e-04 -0.740 0.805 -0.144 -0.743 -0.961 -1.066 -1.101
0.00015547 -2.00000 10.11394 0.7813328505 2.4120163918    0.772  2.198  3.6962  1.865    3  0.000  0.532     0.00     0.00     0.00     0.00     0.00 -1 -4.79e-15      0.00 7.549e-01 2.449e-01 2.759e-05 7.735e-06 6.923e-05 -1.000 1.636e-04 -0.724 0.813 -0.131 -0.728 -0.946 -1.050 -1.084
0.00015547 -2.00000 10.11394 0.7813388705 2.4120187759    0.772  2.204  3.6959  1.857    3  0.000  0.532     0.00     0.00     0.00     0.00     0.00 -1 -4.89e-15      0.00 7.549e-01 2.449e-01 2.759e-05 7.735e-06 6.923e-05 -1.000 1.636e-04 -0.740 0.802 -0.146 -0.744 -0.962 -1.067 -1.101
0.00015547 -2.00000 10.11394 0.7813722491 2.4120309353    0.772  2.245  3.6940  1.808    3  0.000  0.532     0.00     0.00     0.00     0.00     0.00 -1 -5.56e-15      0.00 7.549e-01 2.449e-01 2.759e-05 7.735e-06 6.923e-05 -1.000 1.636e-04 -0.844 0.725 -0.238 -0.846 -1.067 -1.174 -1.209
0.00015547 -2.00000 10.11394 0.7814059258 2.4120433331    0.771  2.289  3.6923  1.757    3  0.000  0.532     0.00     0.00     0.00     0.00     0.00 -1 -6.41e-15      0.00 7.549e-01 2.449e-01 2.759e-05 7.735e-06 6.923e-05 -1.000 1.636e-04 -0.953 0.642 -0.338 -0.954 -1.178 -1.287 -1.324
0.00015547 -2.00000 10.11394 0.7814345360 2.4120540619    0.771  2.329  3.6904  1.709    3  0.000  0.532     0.00     0.00     0.00     0.00     0.00 -1 -7.29e-15      0.00 7.549e-01 2.449e-01 2.759e-05 7.735e-06 6.923e-05 -1.000 1.636e-04 -1.053 0.570 -0.426 -1.051 -1.279 -1.391 -1.429
0.00015547 -2.00000 10.11394 0.7814626694 2.4120643139    0.770  2.371  3.6885  1.660    3  0.000  0.532     0.00     0.00     0.00     0.00     0.00 -1 -8.34e-15      0.00 7.549e-01 2.449e-01 2.759e-05 7.735e-06 6.923e-05 -1.000 1.636e-04 -1.158 0.496 -0.519 -1.153 -1.385 -1.499 -1.538
0.00015547 -2.00000 10.11394 0.7814888954 2.4120740891    0.770  2.413  3.6867  1.610    3  0.000  0.532     0.00     0.00     0.00     0.00     0.00 -1 -9.53e-15      0.00 7.549e-01 2.449e-01 2.759e-05 7.735e-06 6.923e-05 -1.000 1.636e-04 -1.263 0.420 -0.612 -1.255 -1.491 -1.607 -1.647
0.00015547 -2.00000 10.11394 0.7815119028 2.4120824337    0.769  2.452  3.6848  1.563    3  0.000  0.532     0.00     0.00     0.00     0.00     0.00 -1 -1.08e-14      0.00 7.549e-01 2.449e-01 2.759e-05 7.736e-06 6.923e-05 -1.000 1.637e-04 -1.361 0.390 -0.693 -1.356 -1.595 -1.713 -1.754
0.00015547 -2.00000 10.11394 0.7815346718 2.4120910168    0.769  2.494  3.6829  1.513    3  0.000  0.532     0.00     0.00     0.00     0.00     0.00 -1 -1.23e-14      0.00 7.549e-01 2.449e-01 2.759e-05 7.736e-06 6.923e-05 -1.000 1.636e-04 -1.466 0.353 -0.781 -1.463 -1.705 -1.825 -1.867
0.00015547 -2.00000 10.11394 0.7815548778 2.4120984077    0.768  2.534  3.6810  1.465    3  0.000  0.532     0.00     0.00     0.00     0.00     0.00 -1  -1.4e-14      0.00 7.549e-01 2.449e-01 2.759e-05 7.736e-06 6.923e-05 -1.000 1.637e-04 -1.566 0.256 -0.870 -1.555 -1.801 -1.925 -1.968
0.00015547 -2.00000 10.11394 0.7815737128 2.4121053219    0.767  2.574  3.6791  1.417    3  0.000  0.532     0.00     0.00     0.00     0.00     0.00 -1 -1.58e-14      0.00 7.549e-01 2.449e-01 2.759e-05 7.736e-06 6.923e-05 -1.000 1.636e-04 -1.665 0.215 -0.951 -1.653 -1.904 -2.030 -2.074
0.00015547 -2.00000 10.11394 0.7815917134 2.4121119976    0.766  2.615  3.6772  1.368    3  0.000  0.532     0.00     0.00     0.00     0.00     0.00 -1 -1.79e-14      0.00 7.549e-01 2.449e-01 2.759e-05 7.736e-06 6.923e-05 -1.000 1.637e-04 -1.767 0.176 -1.032 -1.752 -2.008 -2.137 -2.182
0.00015547 -2.00000 10.11394 0.7816110253 2.4121191502    0.765  2.662  3.6748  1.311    3  0.000  0.532     0.00     0.00     0.00     0.00     0.00 -1 -2.07e-14      0.00 7.549e-01 2.449e-01 2.759e-05 7.736e-06 6.923e-05 -1.000 1.636e-04 -1.884 0.141 -1.122 -1.867 -2.129 -2.261 -2.308
0.00015547 -2.00000 10.11394 0.7816265821 2.4121248722    0.764  2.703  3.6728  1.262    3  0.000  0.532     0.00     0.00     0.00     0.00     0.00 -1 -2.34e-14      0.00 7.549e-01 2.449e-01 2.759e-05 7.736e-06 6.923e-05 -1.000 1.637e-04 -1.986 0.113 -1.200 -1.967 -2.234 -2.369 -2.417
0.00015547 -2.00000 10.11394 0.7816426158 2.4121308327    0.763  2.748  3.6704  1.206    3  0.000  0.532     0.00     0.00     0.00     0.00     0.00 -1 -2.69e-14      0.00 7.549e-01 2.449e-01 2.759e-05 7.736e-06 6.923e-05 -1.000 1.637e-04 -2.099 0.094 -1.282 -2.077 -2.351 -2.489 -2.539
0.00015547 -2.00000 10.11394 0.7816558480 2.4121356010    0.762  2.788  3.6685  1.158    3  0.000  0.532     0.00     0.00     0.00     0.00     0.00 -1 -3.04e-14      0.00 7.549e-01 2.449e-01 2.759e-05 7.736e-06 6.923e-05 -1.000 1.637e-04 -2.200 0.075 -1.356 -2.174 -2.454 -2.595 -2.646
0.00015547 -2.00000 10.11394 0.7816693187 2.4121406078    0.760  2.832  3.6659  1.103    3  0.000  0.532     0.00     0.00     0.00     0.00     0.00 -1 -3.48e-14      0.00 7.549e-01 2.449e-01 2.759e-05 7.736e-06 6.923e-05 -1.000 1.637e-04 -2.309 0.077 -1.427 -2.278 -2.566 -2.711 -2.764
0.00015547 -2.00000 10.11394 0.7816805243 2.4121446609    0.759  2.871  3.6641  1.056    3  0.000  0.532     0.00     0.00     0.00     0.00     0.00 -1 -3.91e-14      0.00 7.549e-01 2.449e-01 2.759e-05 7.736e-06 6.923e-05 -1.000 1.636e-04 -2.407 0.070 -1.494 -2.372 -2.666 -2.814 -2.868
0.00015547 -2.00000 10.11394 0.7816922665 2.4121491909    0.757  2.915  3.6615  1.000    3  0.000  0.532     0.00     0.00     0.00     0.00     0.00 -1 -4.46e-14      0.00 7.549e-01 2.449e-01 2.759e-05 7.736e-06 6.923e-05 -1.000 1.636e-04 -2.516 0.088 -1.559 -2.475 -2.778 -2.931 -2.987
0.00015547 -2.00000 10.11394 0.7817041874 2.4121534824    0.755  2.963  3.6590  0.941    3  0.000  0.532     0.00     0.00     0.00     0.00     0.00 -1 -5.15e-14      0.00 7.549e-01 2.449e-01 2.759e-05 7.736e-06 6.923e-05 -1.000 1.636e-04 -2.636 0.111 -1.626 -2.587 -2.901 -3.059 -3.116
0.00015547 -2.00000 10.11394 0.7817138433 2.4121570587    0.753  3.004  3.6565  0.888    3  0.000  0.532     0.00     0.00     0.00     0.00     0.00 -1 -5.84e-14      0.00 7.549e-01 2.449e-01 2.759e-05 7.737e-06 6.923e-05 -1.000 1.637e-04 -2.741 0.124 -1.682 -2.681 -3.005 -3.168 -3.228
0.00015547 -2.00000 10.11394 0.7817221284 2.4121601582    0.751  3.042  3.6544  0.841    3  0.000  0.532     0.00     0.00     0.00     0.00     0.00 -1 -6.55e-14      0.00 7.549e-01 2.449e-01 2.759e-05 7.737e-06 6.923e-05 -1.000 1.636e-04 -2.836 0.111 -1.741 -2.766 -3.099 -3.266 -3.327
0.00015547 -2.00000 10.11394 0.7817307115 2.4121632576    0.748  3.084  3.6519  0.788    3  0.000  0.532     0.00     0.00     0.00     0.00     0.00 -1 -7.42e-14      0.00 7.549e-01 2.449e-01 2.759e-05 7.737e-06 6.923e-05 -1.000 1.636e-04 -2.940 0.105 -1.801 -2.859 -3.201 -3.374 -3.437
0.00015547 -2.00000 10.11394 0.7817394137 2.4121665955    0.746  3.130  3.6493  0.730    3  0.000  0.532     0.00     0.00     0.00     0.00     0.00 -1 -8.49e-14      0.00 7.549e-01 2.449e-01 2.759e-05 7.737e-06 6.923e-05 -1.000 1.637e-04 -3.054 0.095 -1.868 -2.960 -3.313 -3.491 -3.557
0.00015547 -2.00000 10.11394 0.7817468047 2.4121692181    0.743  3.171  3.6468  0.677    3  0.000  0.532     0.00     0.00     0.00     0.00     0.00 -1 -9.61e-14      0.00 7.549e-01 2.449e-01 2.759e-05 7.737e-06 6.923e-05 -1.000 1.636e-04 -3.156 0.090 -1.925 -3.049 -3.412 -3.596 -3.663
0.00015547 -2.00000 10.11394 0.7817541957 2.4121718407    0.739  3.214  3.6443  0.622    3  0.000  0.532     0.00     0.00     0.00     0.00     0.00 -1 -1.09e-13      0.00 7.549e-01 2.449e-01 2.759e-05 7.737e-06 6.923e-05 -1.000 1.637e-04 -3.264 0.083 -1.986 -3.144 -3.517 -3.706 -3.776
0.00015547 -2.00000 10.11394 0.7817611098 2.4121744633    0.736  3.255  3.6419  0.570    3  0.000  0.532     0.00     0.00     0.00     0.00     0.00 -1 -1.24e-13      0.00 7.549e-01 2.449e-01 2.759e-05 7.737e-06 6.923e-05 -1.000 1.636e-04 -3.366 0.080 -2.040 -3.231 -3.616 -3.810 -3.882
0.00015547 -2.00000 10.11394 0.7817630768 2.4121751785    0.734  3.265  3.6413  0.556    3  0.000  0.532     0.00     0.00     0.00     0.00     0.00 -1 -1.28e-13      0.00 7.549e-01 2.449e-01 2.759e-05 7.737e-06 6.923e-05 -1.000 1.636e-04 -3.392 0.078 -2.054 -3.254 -3.641 -3.836 -3.909
0.00015547 -2.00000 10.11394 0.7817630768 2.4121751785    0.721  1.652  3.9337  3.330    4  0.000  0.532     0.00     0.00     0.00     0.00     0.00 -1    -1e-30      0.00 7.549e-01 2.450e-01 2.759e-05 7.739e-06 6.924e-05 -1.000 1.636e-04 0.639 1.023 0.594 0.815 1.003 1.070 1.113
0.00015547 -2.00000 10.11394 0.7817644477 2.4121756554    0.721  1.661  3.9287  3.301    4  0.000  0.532     0.00     0.00     0.00     0.00     0.00 -1    -1e-30      0.00 7.549e-01 2.450e-01 2.759e-05 7.739e-06 6.924e-05 -1.000 1.637e-04 0.617 1.001 0.564 0.775 0.958 1.022 1.064
0.00015547 -2.00000 10.11394 0.7818131447 2.4121937752    0.721  1.676  3.9214  3.257    4  0.000  0.532     0.00     0.00     0.00     0.00     0.00 -1    -1e-30      0.00 7.549e-01 2.450e-01 2.759e-05 7.739e-06 6.924e-05 -1.000 1.637e-04 0.580 0.965 0.519 0.715 0.889 0.950 0.990
0.00015547 -2.00000 10.11394 0.7818630934 2.4122121334    0.721  1.677  3.9216  3.257    4  0.000  0.532     0.00     0.00     0.00     0.00     0.00 -1    -1e-30      0.00 7.549e-01 2.450e-01 2.759e-05 7.739e-06 6.924e-05 -1.000 1.636e-04 0.578 0.963 0.517 0.714 0.888 0.949 0.989
0.00015547 -2.00000 10.11394 0.7819146514 2.4122312069    0.721  1.677  3.9222  3.260    4  0.000  0.532     0.00     0.00     0.00     0.00     0.00 -1    -1e-30      0.00 7.549e-01 2.450e-01 2.759e-05 7.739e-06 6.924e-05 -1.000 1.636e-04 0.578 0.963 0.518 0.716 0.891 0.952 0.993
0.00015547 -2.00000 10.11394 0.7819663882 2.4122500420    0.721  1.676  3.9227  3.262    4  0.000  0.532     0.00     0.00     0.00     0.00     0.00 -1    -1e-30      0.00 7.549e-01 2.450e-01 2.759e-05 7.739e-06 6.924e-05 -1.000 1.636e-04 0.579 0.963 0.519 0.718 0.893 0.955 0.995
0.00015547 -2.00000 10.11394 0.7820182443 2.4122693539    0.721  1.676  3.9229  3.263    4  0.000  0.532     0.00     0.00     0.00     0.00     0.00 -1    -1e-30      0.00 7.549e-01 2.450e-01 2.759e-05 7.739e-06 6.924e-05 -1.000 1.636e-04 0.579 0.964 0.519 0.719 0.895 0.956 0.997
0.00015547 -2.00000 10.11394 0.7820706367 2.4122886658    0.721  1.676  3.9229  3.263    4  0.000  0.532     0.00     0.00     0.00     0.00     0.00 -1    -1e-30      0.00 7.549e-01 2.450e-01 2.759e-05 7.739e-06 6.924e-05 -1.000 1.636e-04 0.579 0.963 0.519 0.719 0.895 0.956 0.997
0.00015547 -2.00000 10.11394 0.7821238637 2.4123082161    0.721  1.677  3.9226  3.262    4  0.000  0.532     0.00     0.00     0.00     0.00     0.00 -1    -1e-30      0.00 7.549e-01 2.450e-01 2.759e-05 7.739e-06 6.924e-05 -1.000 1.636e-04 0.578 0.963 0.518 0.718 0.893 0.954 0.995
0.00015547 -2.00000 10.11394 0.7821769714 2.4123277664    0.721  1.677  3.9220  3.259    4  0.000  0.532     0.00     0.00     0.00     0.00     0.00 -1    -1e-30      0.00 7.549e-01 2.450e-01 2.759e-05 7.739e-06 6.924e-05 -1.000 1.637e-04 0.577 0.962 0.517 0.715 0.889 0.950 0.991
0.00015547 -2.00000 10.11394 0.7822273374 2.4123463631    0.721  1.678  3.9209  3.254    4  0.000  0.532     0.00     0.00     0.00     0.00     0.00 -1    -1e-30      0.00 7.549e-01 2.450e-01 2.759e-05 7.739e-06 6.924e-05 -1.000 1.636e-04 0.576 0.961 0.514 0.709 0.882 0.943 0.983
0.00015547 -2.00000 10.11394 0.7822782993 2.4123649597    0.721  1.679  3.9195  3.247    4  0.000  0.532     0.00     0.00     0.00     0.00     0.00 -1    -1e-30      0.00 7.549e-01 2.450e-01 2.759e-05 7.739e-06 6.924e-05 -1.000 1.636e-04 0.573 0.959 0.510 0.702 0.874 0.934 0.974
0.00015547 -2.00000 10.11394 0.7823281288 2.4123833179    0.721  1.680  3.9176  3.238    4  0.000  0.532     0.00     0.00     0.00     0.00     0.00 -1    -1e-30      0.00 7.549e-01 2.450e-01 2.759e-05 7.739e-06 6.924e-05 -1.000 1.636e-04 0.570 0.958 0.506 0.694 0.863 0.922 0.962
0.00015547 -2.00000 10.11394 0.7823783159 2.4124019146    0.721  1.682  3.9153  3.228    4  0.000  0.532     0.00     0.00     0.00     0.00     0.00 -1    -1e-30      0.00 7.549e-01 2.450e-01 2.759e-05 7.739e-06 6.924e-05 -1.000 1.636e-04 0.566 0.955 0.501 0.683 0.849 0.907 0.946
0.00015547 -2.00000 10.11394 0.7824269533 2.4124197960    0.721  1.684  3.9124  3.214    4  0.000  0.532     0.00     0.00     0.00     0.00     0.00 -1    -1e-30      0.00 7.549e-01 2.450e-01 2.759e-05 7.739e-06 6.924e-05 -1.000 1.636e-04 0.561 0.953 0.495 0.670 0.832 0.889 0.927
0.00015547 -2.00000 10.11394 0.7824760675 2.4124379158    0.721  1.686  3.9090  3.198    4  0.000  0.532     0.00     0.00     0.00     0.00     0.00 -1    -1e-30      0.00 7.549e-01 2.450e-01 2.759e-05 7.739e-06 6.924e-05 -1.000 1.636e-04 0.555 0.950 0.488 0.654 0.812 0.868 0.905
0.00015547 -2.00000 10.11394 0.7825245261 2.4124557972    0.721  1.689  3.9051  3.180    4  0.000  0.532     0.00     0.00     0.00     0.00     0.00 -1    -1e-30      0.00 7.549e-01 2.450e-01 2.759e-05 7.739e-06 6.924e-05 -1.000 1.636e-04 0.548 0.948 0.481 0.637 0.789 0.843 0.880
0.00015547 -2.00000 10.11394 0.7825773954 2.4124751091    0.721  1.692  3.9002  3.157    4  0.000  0.532     0.00     0.00     0.00     0.00     0.00 -1    -1e-30      0.00 7.549e-01 2.450e-01 2.759e-05 7.739e-06 6.924e-05 -1.000 1.636e-04 0.540 0.946 0.473 0.616 0.760 0.813 0.849
0.00015547 -2.00000 10.11394 0.7826263309 2.4124932289    0.722  1.695  3.8952  3.133    4  0.000  0.532     0.00     0.00     0.00     0.00     0.00 -1    -1e-30      0.00 7.549e-01 2.450e-01 2.759e-05 7.739e-06 6.924e-05 -1.000 1.636e-04 0.531 0.946 0.469 0.596 0.732 0.783 0.818
0.00015547 -2.00000 10.11394 0.7826764584 2.4125115871    0.722  1.699  3.8893  3.106    4  0.000  0.532     0.00     0.00     0.00     0.00     0.00 -1    -1e-30      0.00 7.549e-01 2.450e-01 2.759e-05 7.739e-06 6.924e-05 -1.000 1.637e-04 0.521 0.947 0.463 0.572 0.699 0.749 0.782
0.00015547 -2.00000 10.11394 0.7827253342 2.4125294685    0.722  1.704  3.8832  3.077    4  0.000  0.532     0.00     0.00     0.00     0.00     0.00 -1    -1e-30      0.00 7.549e-01 2.450e-01 2.759e-05 7.739e-06 6.924e-05 -1.000 1.637e-04 0.511 0.950 0.462 0.550 0.666 0.714 0.746
0.00015547 -2.00000 10.11394 0.7827740312 2.4125473499    0.722  1.708  3.8764  3.046    4  0.000  0.532     0.00     0.00     0.00     0.00     0.00 -1    -1e-30      0.00 7.549e-01 2.450e-01 2.759e-05 7.739e-06 6.924e-05 -1.000 1.636e-04 0.499 0.954 0.462 0.526 0.631 0.677 0.707
0.00015547 -2.00000 10.11394 0.7827834487 2.4125509262    0.722  1.709  3.8751  3.039    4  0.000  0.532     0.00     0.00     0.00     0.00     0.00 -1    -1e-30      0.00 7.549e-01 2.450e-01 2.759e-05 7.739e-06 6.924e-05 -1.000 1.636e-04 0.497 0.955 0.463 0.522 0.624 0.670 0.700
0.00015547 -2.00000 10.11394 0.7828077078 2.4125597477    0.722  1.712  3.8717  3.023    4  0.000  0.532     0.00     0.00     0.00     0.00     0.00 -1    -1e-30      0.00 7.549e-01 2.450e-01 2.759e-05 7.739e-06 6.924e-05 -1.000 1.637e-04 0.491 0.958 0.463 0.510 0.607 0.651 0.681
0.00015547 -2.00000 10.11394 0.7828580737 2.4125783443    0.722  1.717  3.8644  2.989    4  0.000  0.532     0.00     0.00     0.00     0.00     0.00 -1    -1e-30      0.00 7.549e-01 2.450e-01 2.759e-05 7.739e-06 6.924e-05 -1.000 1.636e-04 0.478 0.964 0.466 0.487 0.571 0.612 0.640
0.00015547 -2.00000 10.11394 0.7829062343 2.4125959873    0.722  1.722  3.8570  2.955    4  0.000  0.532     0.00     0.00     0.00     0.00     0.00 -1    -1e-30      0.00 7.549e-01 2.450e-01 2.759e-05 7.739e-06 6.924e-05 -1.000 1.636e-04 0.465 0.971 0.469 0.466 0.536 0.574 0.601
0.00015547 -2.00000 10.11394 0.7829554081 2.4126141071    0.722  1.727  3.8490  2.917    4  0.000  0.532     0.00     0.00     0.00     0.00     0.00 -1    -1e-30      0.00 7.549e-01 2.450e-01 2.759e-05 7.739e-06 6.924e-05 -1.000 1.637e-04 0.451 0.980 0.475 0.445 0.499 0.534 0.559
0.00015547 -2.00000 10.11394 0.7830032706 2.4126317501    0.722  1.733  3.8408  2.879    4  0.000  0.532     0.00     0.00     0.00     0.00     0.00 -1    -1e-30      0.00 7.549e-01 2.450e-01 2.759e-05 7.739e-06 6.924e-05 -1.000 1.636e-04 0.437 0.991 0.482 0.423 0.463 0.493 0.516
0.00015547 -2.00000 10.11394 0.7830203772 2.4126379490    0.722  1.735  3.8380  2.865    4  0.000  0.532     0.00     0.00     0.00     0.00     0.00 -1    -1e-30      0.00 7.549e-01 2.450e-01 2.759e-05 7.739e-06 6.924e-05 -1.000 1.637e-04 0.432 0.995 0.484 0.416 0.450 0.479 0.501
0.00015547 -2.00000 10.11394 0.7830358148 2.4126436710    0.722  1.737  3.8353  2.852    4  0.000  0.532     0.00     0.00     0.00     0.00     0.00 -1    -1e-30      0.00 7.549e-01 2.450e-01 2.759e-05 7.739e-06 6.924e-05 -1.000 1.636e-04 0.427 0.999 0.486 0.409 0.438 0.466 0.487
0.00015547 -2.00000 10.11394 0.7830809951 2.4126603603    0.722  1.743  3.8267  2.812    4  0.000  0.532     0.00     0.00     0.00     0.00     0.00 -1    -1e-30      0.00 7.549e-01 2.450e-01 2.759e-05 7.739e-06 6.924e-05 -1.000 1.636e-04 0.412 1.014 0.494 0.388 0.401 0.424 0.443
0.00015547 -2.00000 10.11394 0.7831253409 2.4126765728    0.722  1.750  3.8182  2.772    4  0.000  0.532     0.00     0.00     0.00     0.00     0.00 -1    -1e-30      0.00 7.549e-01 2.450e-01 2.759e-05 7.739e-06 6.924e-05 -1.000 1.636e-04 0.396 1.029 0.503 0.368 0.366 0.383 0.399
0.00015547 -2.00000 10.11394 0.7831701636 2.4126930237    0.722  1.756  3.8104  2.734    4  0.000  0.532     0.00     0.00     0.00     0.00     0.00 -1    -1e-30      0.00 7.549e-01 2.450e-01 2.759e-05 7.739e-06 6.924e-05 -1.000 1.636e-04 0.380 1.045 0.511 0.348 0.332 0.344 0.358
0.00015547 -2.00000 10.11394 0.7832151055 2.4127094746    0.722  1.763  3.8028  2.697    4  0.000  0.532     0.00     0.00     0.00     0.00     0.00 -1    -1e-30      0.00 7.549e-01 2.450e-01 2.759e-05 7.739e-06 6.924e-05 -1.000 1.636e-04 0.364 1.063 0.519 0.329 0.300 0.306 0.317
0.00015547 -2.00000 10.11394 0.7832602859 2.4127261639    0.722  1.771  3.7946  2.656    4  0.000  0.532     0.00     0.00     0.00     0.00     0.00 -1    -1e-30      0.00 7.549e-01 2.450e-01 2.759e-05 7.739e-06 6.924e-05 -1.000 1.636e-04 0.342 1.082 0.526 0.306 0.262 0.261 0.270
0.00015547 -2.00000 10.11394 0.7832692862 2.4127295017    0.722  1.773  3.7930  2.648    4  0.000  0.532     0.00     0.00     0.00     0.00     0.00 -1    -1e-30      0.00 7.549e-01 2.450e-01 2.759e-05 7.739e-06 6.924e-05 -1.000 1.637e-04 0.338 1.085 0.528 0.302 0.255 0.252 0.261
0.00015547 -2.00000 10.11394 0.7833157182 2.4127464294    0.722  1.783  3.7851  2.606    4  0.000  0.532     0.00     0.00     0.00     0.00     0.00 -1    -1e-30      0.00 7.549e-01 2.450e-01 2.759e-05 7.739e-06 6.924e-05 -1.000 1.637e-04 0.312 1.100 0.530 0.275 0.214 0.205 0.210
0.00015547 -2.00000 10.11394 0.7833613753 2.4127631187    0.722  1.799  3.7758  2.553    4  0.000  0.532     0.00     0.00     0.00     0.00     0.00 -1    -1e-30      0.00 7.549e-01 2.450e-01 2.759e-05 7.739e-06 6.924e-05 -1.000 1.637e-04 0.273 1.112 0.524 0.236 0.159 0.141 0.143
0.00015547 -2.00000 10.11394 0.7833998203 2.4127774239    0.722  1.825  3.7642  2.481    4  0.000  0.532     0.00     0.00     0.00     0.00     0.00 -1    -1e-30      0.00 7.549e-01 2.450e-01 2.759e-05 7.739e-06 6.924e-05 -1.000 1.636e-04 0.207 1.116 0.499 0.170 0.073 0.044 0.041
0.00015547 -2.00000 10.11394 0.7834206820 2.4127850533    0.722  1.858  3.7535  2.405    4  0.000  0.532     0.00     0.00     0.00     0.00     0.00 -1    -1e-30      0.00 7.549e-01 2.450e-01 2.759e-05 7.739e-06 6.924e-05 -1.000 1.636e-04 0.126 1.106 0.458 0.090 -0.026 -0.065 -0.073
0.00015547 -2.00000 10.11394 0.7834300995 2.4127883911    0.722  1.892  3.7446  2.335    4  0.000  0.532     0.00     0.00     0.00     0.00     0.00 -1    -1e-30      0.00 7.549e-01 2.450e-01 2.759e-05 7.739e-06 6.924e-05 -1.000 1.636e-04 0.040 1.084 0.407 0.007 -0.124 -0.173 -0.184
0.00015547 -2.00000 10.11394 0.7834343314 2.4127900600    0.722  1.928  3.7368  2.268    4  0.000  0.532     0.00     0.00     0.00     0.00     0.00 -1    -1e-30      0.00 7.549e-01 2.450e-01 2.759e-05 7.739e-06 6.924e-05 -1.000 1.637e-04 -0.051 1.053 0.346 -0.082 -0.226 -0.283 -0.298
0.00015547 -2.00000 10.11394 0.7834362388 2.4127907753    0.722  1.964  3.7309  2.209    4  0.000  0.532     0.00     0.00     0.00     0.00     0.00 -1    -1e-30      0.00 7.549e-01 2.450e-01 2.759e-05 7.739e-06 6.924e-05 -1.000 1.636e-04 -0.139 1.016 0.282 -0.169 -0.324 -0.387 -0.404
0.00015547 -2.00000 10.11394 0.7834370732 2.4127910137    0.722  1.987  3.7278  2.173    7  0.000  0.532     0.00     0.00     0.00     0.00     0.00 -1    -1e-30      0.00 7.549e-01 2.450e-01 2.759e-05 7.739e-06 6.924e-05 -1.000 1.636e-04 -0.196 0.987 0.238 -0.225 -0.385 -0.452 -0.470
0.00015547 -2.00000 10.11394 0.7834373713 2.4127910137    0.722  1.997  3.7266  2.158    7  0.000  0.532     0.00     0.00     0.00     0.00     0.00 -1    -1e-30      0.00 7.549e-01 2.450e-01 2.759e-05 7.739e-06 6.924e-05 -1.000 1.637e-04 -0.222 0.973 0.217 -0.250 -0.412 -0.480 -0.499
0.00015547 -2.00000 10.11394 0.7834382653 2.4127914906    0.722  2.038  3.7223  2.100    7  0.000  0.532     0.00     0.00     0.00     0.00     0.00 -1    -1e-30      0.00 7.549e-01 2.450e-01 2.759e-05 7.739e-06 6.924e-05 -1.000 1.636e-04 -0.325 0.910 0.132 -0.351 -0.520 -0.593 -0.614
0.00015547 -2.00000 10.11394 0.7834390998 2.4127917290    0.722  2.078  3.7188  2.046    7  0.000  0.532     0.00     0.00     0.00     0.00     0.00 -1    -1e-30      0.00 7.549e-01 2.450e-01 2.759e-05 7.739e-06 6.924e-05 -1.000 1.636e-04 -0.425 0.845 0.048 -0.450 -0.625 -0.702 -0.725
0.00015547 -2.00000 10.11394 0.7834398746 2.4127919674    0.722  2.118  3.7156  1.993    7  0.000  0.532     0.00     0.00     0.00     0.00     0.00 -1    -1e-30      0.00 7.549e-01 2.450e-01 2.759e-05 7.739e-06 6.924e-05 -1.000 1.636e-04 -0.525 0.780 -0.036 -0.547 -0.728 -0.809 -0.833
0.00015547 -2.00000 10.11394 0.7834407091 2.4127924442    0.722  2.155  3.7128  1.945    7  0.000  0.532     0.00     0.00     0.00     0.00     0.00 -1    -1e-30      0.00 7.549e-01 2.450e-01 2.759e-05 7.739e-06 6.924e-05 -1.000 1.636e-04 -0.618 0.718 -0.116 -0.639 -0.825 -0.909 -0.935
0.00015547 -2.00000 10.11394 0.7834420800 2.4127929211    0.722  2.182  3.7111  1.912    7  0.000  0.532     0.00     0.00     0.00     0.00     0.00 -1    -1e-30      0.00 7.549e-01 2.450e-01 2.759e-05 7.739e-06 6.924e-05 -1.000 1.636e-04 -0.684 0.672 -0.174 -0.704 -0.893 -0.979 -1.006
0.00015547 -2.00000 10.11394 0.7834445238 2.4127936363    0.722  2.154  3.7133  1.948    7  0.000  0.532     0.00     0.00     0.00     0.00     0.00 -1    -1e-30      0.00 7.549e-01 2.450e-01 2.759e-05 7.739e-06 6.924e-05 -1.000 1.637e-04 -0.615 0.716 -0.116 -0.637 -0.822 -0.906 -0.931
0.00015547 -2.00000 10.11394 0.7834603786 2.4127995968    0.722  2.140  3.7139  1.965    7  0.000  0.532     0.00     0.00     0.00     0.00     0.00 -1    -1e-30      0.00 7.549e-01 2.450e-01 2.759e-05 7.739e-06 6.924e-05 -1.000 1.636e-04 -0.579 0.745 -0.083 -0.601 -0.785 -0.867 -0.893
0.00015547 -2.00000 10.11394 0.7834752798 2.4128050804    0.722  2.166  3.7117  1.930    7  0.000  0.532     0.00     0.00     0.00     0.00     0.00 -1    -1e-30      0.00 7.549e-01 2.450e-01 2.759e-05 7.739e-06 6.924e-05 -1.000 1.636e-04 -0.644 0.705 -0.137 -0.665 -0.853 -0.938 -0.965
0.00015547 -2.00000 10.11394 0.7834933400 2.4128117561    0.722  2.213  3.7083  1.869    7  0.000  0.532     0.00     0.00     0.00     0.00     0.00 -1    -1e-30      0.00 7.549e-01 2.450e-01 2.759e-05 7.739e-06 6.924e-05 -1.000 1.636e-04 -0.762 0.629 -0.238 -0.780 -0.975 -1.064 -1.092
0.00015547 -2.00000 10.11394 0.7835105658 2.4128179550    0.722  2.254  3.7055  1.817    7  0.000  0.532     0.00     0.00     0.00     0.00     0.00 -1    -1e-30      0.00 7.549e-01 2.450e-01 2.759e-05 7.739e-06 6.924e-05 -1.000 1.637e-04 -0.865 0.561 -0.326 -0.881 -1.080 -1.173 -1.203
0.00015547 -2.00000 10.11394 0.7835264802 2.4128239155    0.722  2.295  3.7029  1.766    7  0.000  0.532     0.00     0.00     0.00     0.00     0.00 -1    -1e-30      0.00 7.549e-01 2.450e-01 2.759e-05 7.739e-06 6.924e-05 -1.000 1.636e-04 -0.967 0.493 -0.414 -0.981 -1.185 -1.281 -1.312
0.00015547 -2.00000 10.11394 0.7835406661 2.4128289223    0.722  2.336  3.7004  1.715    7  0.000  0.532     0.00     0.00     0.00     0.00     0.00 -1    -1e-30      0.00 7.549e-01 2.450e-01 2.759e-05 7.740e-06 6.924e-05 -1.000 1.636e-04 -1.069 0.424 -0.502 -1.081 -1.290 -1.389 -1.421
0.00015547 -2.00000 10.11394 0.7835534215 2.4128336906    0.723  2.377  3.6979  1.664    7  0.000  0.531     0.00     0.00     0.00     0.00     0.00 -1    -1e-30      0.00 7.549e-01 2.449e-01 2.758e-05 7.741e-06 6.924e-05 -1.000 1.630e-04 -1.171 0.357 -0.590 -1.181 -1.395 -1.497 -1.530
0.00015547 -2.00000 10.11394 0.7835645080 2.4128377438    0.723  2.417  3.6955  1.614    7  0.000  0.530     0.00     0.00     0.00     0.00     0.00 -1    -1e-30      0.00 7.549e-01 2.449e-01 2.753e-05 7.756e-06 6.924e-05 -1.000 1.633e-04 -1.273 0.290 -0.677 -1.280 -1.498 -1.603 -1.638
0.00015547 -2.00000 10.11394 0.7835743427 2.4128413200    0.723  2.458  3.6931  1.564    7  0.000  0.526     0.00     0.00     0.00     0.00     0.00 -1    -1e-30      0.00 7.549e-01 2.449e-01 2.734e-05 7.862e-06 6.924e-05 -1.000 1.628e-04 -1.374 0.224 -0.764 -1.378 -1.601 -1.709 -1.746
0.00015547 -2.00000 10.11394 0.7835832834 2.4128446579    0.723  2.498  3.6908  1.514    7  0.000  0.516     0.00     0.00     0.00     0.00     0.00 -1    -1e-30      0.00 7.549e-01 2.449e-01 2.687e-05 8.302e-06 6.924e-05 -1.000 1.635e-04 -1.476 0.157 -0.851 -1.477 -1.704 -1.816 -1.853
0.00015547 -2.00000 10.11394 0.7835913301 2.4128475189    0.723  2.539  3.6884  1.464    7  0.000  0.502     0.00     0.00     0.00     0.00     0.00 -1    -1e-30      0.00 7.548e-01 2.450e-01 2.614e-05 9.126e-06 6.924e-05 -1.000 1.635e-04 -1.577 0.094 -0.936 -1.574 -1.806 -1.921 -1.960
0.00015547 -2.00000 10.11394 0.7835987806 2.4128503799    0.723  2.579  3.6861  1.414    7  0.000  0.486     0.00     0.00     0.00     0.00     0.00 -1    -1e-30      0.00 7.548e-01 2.451e-01 2.535e-05 1.008e-05 6.925e-05 -1.000 1.636e-04 -1.677 0.033 -1.020 -1.671 -1.908 -2.025 -2.066
0.00015547 -2.00000 10.11394 0.7836056948 2.4128527641    0.723  2.619  3.6838  1.365    7  0.000  0.472     0.00     0.00     0.00     0.00     0.00 -1    -1e-30      0.00 7.546e-01 2.452e-01 2.464e-05 1.095e-05 6.925e-05 -1.000 1.388e-04 -1.777 -0.007 -1.101 -1.769 -2.011 -2.132 -2.173
0.00015547 -2.00000 10.11394 0.7836122513 2.4128553867    0.723  2.659  3.6814  1.316    7  0.000  0.461     0.00     0.00     0.00     0.00     0.00 -1    -1e-30      0.00 7.545e-01 2.454e-01 2.403e-05 1.170e-05 6.926e-05 -1.000 1.247e-04 -1.877 -0.039 -1.179 -1.867 -2.115 -2.238 -2.281
0.00015547 -2.00000 10.11394 0.7836185098 2.4128575325    0.723  2.699  3.6791  1.267    7  0.000  0.450     0.00     0.00     0.00     0.00     0.00 -1    -1e-30      0.00 7.543e-01 2.456e-01 2.349e-05 1.237e-05 6.926e-05 -1.000 1.637e-04 -1.976 -0.066 -1.255 -1.965 -2.218 -2.345 -2.389
0.00015547 -2.00000 10.11394 0.7836245298 2.4128596783    0.723  2.739  3.6767  1.217    7  0.000  0.441     0.00     0.00     0.00     0.00     0.00 -1    -1e-30      0.00 7.541e-01 2.457e-01 2.301e-05 1.296e-05 6.925e-05 -1.000 1.637e-04 -2.076 -0.086 -1.329 -2.063 -2.321 -2.452 -2.497
0.00015547 -2.00000 10.11394 0.7836301923 2.4128618240    0.723  2.779  3.6743  1.167    7  0.000  0.433     0.00     0.00     0.00     0.00     0.00 -1    -1e-30      0.00 7.539e-01 2.460e-01 2.260e-05 1.347e-05 6.923e-05 -1.000 1.637e-04 -2.178 -0.099 -1.401 -2.161 -2.427 -2.560 -2.607
0.00015547 -2.00000 10.11394 0.7836350799 2.4128637314    0.723  2.820  3.6718  1.116    7  0.000  0.426     0.00     0.00     0.00     0.00     0.00 -1    -1e-30      0.00 7.536e-01 2.462e-01 2.223e-05 1.393e-05 6.920e-05 -1.000 1.637e-04 -2.280 -0.105 -1.472 -2.260 -2.532 -2.669 -2.718
0.00015547 -2.00000 10.11394 0.7836392522 2.4128651619    0.723  2.861  3.6693  1.065    7  0.000  0.421     0.00     0.00     0.00     0.00     0.00 -1    -1e-30      0.00 7.534e-01 2.464e-01 2.192e-05 1.431e-05 6.914e-05 -1.000 1.636e-04 -2.382 -0.103 -1.539 -2.358 -2.638 -2.779 -2.829
0.00015547 -2.00000 10.11394 0.7836428285 2.4128665924    0.723  2.902  3.6668  1.014    7  0.000  0.416     0.00     0.00     0.00     0.00     0.00 -1    -1e-30      0.00 7.532e-01 2.466e-01 2.166e-05 1.467e-05 6.904e-05 -1.000 1.467e-04 -2.484 -0.093 -1.603 -2.455 -2.743 -2.888 -2.940
0.00015547 -2.00000 10.11394 0.7836460471 2.4128677845    0.723  2.942  3.6642  0.963    7  0.000  0.413     0.00     0.00     0.00     0.00     0.00 -1    -1e-30      0.00 7.530e-01 2.469e-01 2.143e-05 1.500e-05 6.890e-05 -1.000 1.127e-04 -2.585 -0.068 -1.660 -2.551 -2.847 -2.997 -3.051
0.00015547 -2.00000 10.11394 0.7836493254 2.4128689766    0.723  2.985  3.6615  0.910    7  0.000  0.410     0.00     0.00     0.00     0.00     0.00 -1    -1e-30      0.00 7.528e-01 2.471e-01 2.125e-05 1.530e-05 6.875e-05 -1.000 1.637e-04 -2.692 -0.028 -1.713 -2.649 -2.957 -3.111 -3.167
0.00015547 -2.00000 10.11394 0.7836523056 2.4128699303    0.723  3.028  3.6587  0.855    7  0.000  0.409     0.00     0.00     0.00     0.00     0.00 -1    -1e-30      0.00 7.525e-01 2.473e-01 2.110e-05 1.558e-05 6.859e-05 -1.000 1.636e-04 -2.800 0.022 -1.762 -2.749 -3.068 -3.228 -3.286
0.00015547 -2.00000 10.11394 0.7836536765 2.4128704071    0.723  3.051  3.6572  0.826    7  0.000  0.408     0.00     0.00     0.00     0.00     0.00 -1    -1e-30      0.00 7.524e-01 2.474e-01 2.103e-05 1.573e-05 6.849e-05 -1.000 1.636e-04 -2.859 0.034 -1.792 -2.800 -3.126 -3.289 -3.348
0.00015547 -2.00000 10.11394 0.7836540937 2.4128706455    0.723  3.056  3.6568  0.820    7  0.000  0.408     0.00     0.00     0.00     0.00     0.00 -1    -1e-30      0.00 7.524e-01 2.475e-01 2.101e-05 1.578e-05 6.846e-05 -1.000 1.636e-04 -2.871 0.034 -1.799 -2.811 -3.138 -3.302 -3.361
0.00015547 -2.00000 10.11394 0.7836541533 2.4128706455    0.723  3.054  3.6570  0.822    7  0.000  0.408     0.00     0.00     0.00     0.00     0.00 -1    -1e-30      0.00 7.524e-01 2.475e-01 2.101e-05 1.578e-05 6.846e-05 -1.000 1.636e-04 -2.866 0.034 -1.796 -2.807 -3.134 -3.297 -3.357
0.00015547 -2.00000 10.11394 0.7836542726 2.4128706455    0.723  3.054  3.6570  0.823    7  0.000  0.407     0.00     0.00     0.00     0.00     0.00 -1    -1e-30      0.00 7.524e-01 2.475e-01 2.101e-05 1.579e-05 6.845e-05 -1.000 1.635e-04 -2.864 0.034 -1.795 -2.805 -3.131 -3.295 -3.354
0.00015547 -2.00000 10.11394 0.7836543918 2.4128706455    0.723  3.058  3.6568  0.818    7  0.000  0.407     0.00     0.00     0.00     0.00     0.00 -1    -1e-30      0.00 7.524e-01 2.475e-01 2.101e-05 1.580e-05 6.845e-05 -1.000 1.637e-04 -2.875 0.033 -1.801 -2.815 -3.142 -3.306 -3.366
0.00015547 -2.00000 10.11394 0.7836544514 2.4128706455    0.723  3.062  3.6565  0.813    7  0.000  0.407     0.00     0.00     0.00     0.00     0.00 -1    -1e-30      0.00 7.524e-01 2.475e-01 2.100e-05 1.580e-05 6.845e-05 -1.000 1.636e-04 -2.884 0.033 -1.807 -2.823 -3.152 -3.316 -3.376
0.00015547 -2.00000 10.11394 0.7836546302 2.4128708839    0.723  3.067  3.6562  0.807    7  0.000  0.407     0.00     0.00     0.00     0.00     0.00 -1    -1e-30      0.00 7.524e-01 2.475e-01 2.100e-05 1.582e-05 6.843e-05 -1.000 1.637e-04 -2.897 0.032 -1.814 -2.835 -3.164 -3.329 -3.389
0.00015547 -2.00000 10.11394 0.7836548090 2.4128708839    0.723  3.082  3.6553  0.788    7  0.000  0.407     0.00     0.00     0.00     0.00     0.00 -1    -1e-30      0.00 7.521e-01 2.477e-01 2.092e-05 1.607e-05 6.825e-05 -1.000 1.636e-04 -2.934 0.030 -1.835 -2.867 -3.201 -3.367 -3.428
0.00015547 -2.00000 10.11394 0.7836551666 2.4128711224    0.723  3.133  3.6517  0.723    7  0.000  0.406     0.00     0.00     0.00     0.00     0.00 -1    -1e-30      0.00 7.518e-01 2.480e-01 2.077e-05 1.651e-05 6.793e-05 -1.000 1.637e-04 -3.062 0.034 -1.904 -2.979 -3.326 -3.500 -3.564
0.00015547 -2.00000 10.11394 0.7836557031 2.4128711224    0.723  3.199  3.6470  0.638    7  0.523  0.404     0.00     0.00     0.00     0.00     0.00 -1    -1e-30      0.00 7.513e-01 2.485e-01 2.047e-05 1.742e-05 6.730e-05 -1.000 1.637e-04 -3.228 0.044 -1.987 -3.121 -3.485 -3.669 -3.737
0.00015547 -2.00000 10.11394 0.7836560011 2.4128713608    0.723  3.205  3.6433  0.617    8  0.519  0.418    45.89    25.70    16.99    13.48    10.94  1 -3.62e-07      0.00 7.512e-01 2.486e-01 2.138e-05 1.759e-05 6.794e-05 -1.000 1.810e-04 -3.244 0.133 -1.950 -3.118 -3.494 -3.685 -3.756
0.00015547 -2.00000 10.11394 0.7836560607 2.4128713608    0.721  2.976  3.6589  0.907    8  0.519  0.420    24.85    15.18    10.27     8.09     6.55  1 -1.48e-07      0.00 7.512e-01 2.486e-01 2.138e-05 1.759e-05 6.794e-05 -1.000 1.809e-04 -2.670 0.108 -1.648 -2.619 -2.935 -3.094 -3.152
0.00015547 -2.00000 10.11394 0.7836561799 2.4128713608    0.719  2.817  3.6696  1.107    8  0.519  0.420    16.51    10.56     7.27     5.69     4.61  2  -8.5e-08      0.00 7.512e-01 2.486e-01 2.138e-05 1.759e-05 6.794e-05 -1.000 1.810e-04 -2.273 -0.018 -1.437 -2.250 -2.528 -2.668 -2.718
0.00015547 -2.00000 10.11394 0.7836563587 2.4128713608    0.714  2.607  3.6837  1.371    8  0.519  0.420     9.76     6.54     4.60     3.58     2.89  3 -4.39e-08      0.00 7.512e-01 2.486e-01 2.138e-05 1.759e-05 6.794e-05 -1.000 1.810e-04 -1.747 0.024 -1.070 -1.739 -1.981 -2.102 -2.144
0.00015547 -2.00000 10.11394 0.7836566567 2.4128715992    0.707  2.612  3.6832  1.361    8  0.519  0.420     9.95     6.66     4.67     3.64     2.94  3  -4.5e-08      0.00 7.512e-01 2.486e-01 2.138e-05 1.759e-05 6.794e-05 -1.000 1.810e-04 -1.759 0.026 -1.078 -1.750 -1.994 -2.115 -2.157
0.00015547 -2.00000 10.11394 0.7836570144 2.4128715992    0.698  2.696  3.6773  1.248    8  0.520  0.420    12.39     8.14     5.66     4.42     3.58  2  -5.9e-08      0.00 7.512e-01 2.486e-01 2.138e-05 1.759e-05 6.794e-05 -1.000 1.810e-04 -1.969 -0.002 -1.229 -1.956 -2.213 -2.342 -2.387
0.00015547 -2.00000 10.11394 0.7836574316 2.4128718376    0.688  2.884  3.6643  1.001    8  0.520  0.420    20.32    12.67     8.64     6.79     5.50  1 -1.12e-07      0.00 7.512e-01 2.486e-01 2.138e-05 1.759e-05 6.794e-05 -1.000 1.809e-04 -2.440 0.053 -1.523 -2.406 -2.701 -2.850 -2.903
0.00015547 -2.00000 10.11394 0.7836579680 2.4128720760    0.677  3.053  3.6525  0.777    8  0.520  0.420    32.28    18.90    12.65    10.02     8.12  1 -2.15e-07      0.00 7.512e-01 2.486e-01 2.138e-05 1.759e-05 6.794e-05 -1.000 1.810e-04 -2.864 0.175 -1.729 -2.785 -3.126 -3.298 -3.361
0.00015547 -2.00000 10.11394 0.7836585641 2.4128723145    0.663  3.166  3.6446  0.625    8  0.520  0.420    44.56    24.78    16.37    13.03    10.56  1 -3.47e-07      0.00 7.512e-01 2.486e-01 2.138e-05 1.759e-05 6.794e-05 -1.000 1.810e-04 -3.144 0.194 -1.870 -3.025 -3.398 -3.586 -3.655
0.00015547 -2.00000 10.11394 0.7836591601 2.4128725529    0.649  3.227  3.6401  0.536    8  0.521  0.420    53.84    28.91    18.96    15.13    12.27  1 -4.64e-07      0.00 7.512e-01 2.486e-01 2.138e-05 1.759e-05 6.794e-05 -1.000 1.810e-04 -3.297 0.218 -1.936 -3.152 -3.543 -3.741 -3.815
0.00015547 -2.00000 10.11394 0.7836599350 2.4128727913    0.633  3.256  3.6378  0.487    8  0.521  0.420    59.82    31.41    20.52    16.41    13.31  1 -5.47e-07      0.00 7.512e-01 2.486e-01 2.138e-05 1.759e-05 6.794e-05 -1.000 1.810e-04 -3.370 0.239 -1.958 -3.209 -3.612 -3.815 -3.891
0.00015547 -2.00000 10.11394 0.7836607099 2.4128730297    0.617  3.273  3.6394  0.465    8  0.522  0.418    62.63    32.47    21.16    16.95    13.74  1 -6.32e-07      0.00 7.512e-01 2.486e-01 2.138e-05 1.759e-05 6.794e-05 -1.000 1.810e-04 -3.412 0.176 -2.013 -3.259 -3.659 -3.860 -3.935
0.00015547 -2.00000 10.11394 0.7836644053 2.4128744602    0.523 -9.999  4.0000  1.898    9  0.524  0.000     0.00     0.00     0.00     0.00     0.00 -1    -1e-30      0.00 7.512e-01 2.486e-01 2.138e-05 1.759e-05 6.794e-05 -1.000 1.810e-04 29.767 30.110 29.972 30.250 30.478 30.557 30.646
#isochrone terminated
