# File generated by CMD 3.6 (http://stev.oapd.inaf.it/cmd) on Thu Jul  7 21:26:25 CEST 2022
# isochrones based on PARSEC release v1.2S +  COLIBRI S_37 + S_35 + PR16
# Basic references: Bressan et al. (2012), MNRAS, 427, 127 + Chen et al. (2014, 2015), MNRAS, 444, 2525 + MNRAS, 452, 1068 + Tang et al. (2014), MNRAS, 445, 4287 + Marigo et al. (2017), ApJ, 835, 77 + Pastorelli al. (2019), MNRAS, 485, 5666 + Pastorelli al. (2020), MNRAS, in press
# Thermal pulse cycles included 
# On RGB, assumed Reimers mass loss with efficiency eta=0.2
# Photometric system: LSST ugrizY, March 2012 total filter throughputs (all ABmags)
# Using YBC version of bolometric corrections as in Chen et al. (2019)
# O-rich circumstellar dpmod60alox40 dust from Groenewegen (2006)
# C-rich circumstellar AMCSIC15 dust from Groenewegen (2006)
# IMF: Kroupa (2001, 2002) + Kroupa et al. (2013) canonical two-part-power law IMF corrected for unresolved binaries 
# Kind of output: isochrone tables
# Zini     MH   logAge Mini        int_IMF         Mass   logL    logTe  logg  label   McoreTP C_O  period0  period1  pmode  Mloss  tau1m   X   Y   Xc  Xn  Xo  Cexcess  Z 	 mbolmag  umag    gmag    rmag    imag    zmag    Ymag
0.000156 -1.99852 10.11394 0.0935845375 1.1151651144    0.093 -3.048  3.5136  5.463    1  0.000  0.545     0.00     0.00 -1 -6.83e-17      0.00 7.471e-01 2.528e-01 2.951e-05 7.963e-06 7.222e-05 -1.000 1.642e-04 12.391 18.846 15.117 13.356 12.306 11.834 11.647
0.000156 -1.99852 10.11394 0.0974408165 1.1493660212    0.097 -2.929  3.5302  5.428    1  0.000  0.545     0.00     0.00 -1 -9.18e-17      0.00 7.460e-01 2.538e-01 2.951e-05 7.963e-06 7.222e-05 -1.000 1.642e-04 12.092 17.969 14.547 12.876 11.990 11.574 11.394
0.000156 -1.99852 10.11394 0.1035205275 1.1998592615    0.103 -2.750  3.5551  5.374    1  0.000  0.545     0.00     0.00 -1 -1.43e-16      0.00 7.444e-01 2.554e-01 2.951e-05 7.963e-06 7.223e-05 -1.000 1.641e-04 11.645 16.683 13.710 12.204 11.509 11.173 11.007
0.000156 -1.99852 10.11394 0.1233925074 1.3412718773    0.123 -2.474  3.5829  5.286    1  0.000  0.545     0.00     0.00 -1 -2.74e-16      0.00 7.409e-01 2.589e-01 2.951e-05 7.964e-06 7.223e-05 -1.000 1.642e-04 10.955 15.168 12.628 11.338 10.786 10.517 10.372
0.000156 -1.99852 10.11394 0.1432645023 1.4557985067    0.143 -2.296  3.5964  5.227    1  0.000  0.545     0.00     0.00 -1 -3.28e-16      0.00 7.387e-01 2.611e-01 2.951e-05 7.964e-06 7.223e-05 -1.000 1.641e-04 10.511 14.372 12.017 10.835 10.331 10.086 9.952
0.000156 -1.99852 10.11394 0.1631364673 1.5513361692    0.163 -2.158  3.6052  5.180    1  0.000  0.545     0.00     0.00 -1 -5.57e-16      0.00 7.375e-01 2.623e-01 2.951e-05 7.964e-06 7.223e-05 -1.000 1.641e-04 10.164 13.817 11.570 10.454 9.977 9.746 9.619
0.000156 -1.99852 10.11394 0.2028804570 1.7035605907    0.203 -1.944  3.6168  5.107    1  0.000  0.545     0.00     0.00 -1 -8.88e-16      0.00 7.370e-01 2.629e-01 2.951e-05 7.964e-06 7.223e-05 -1.000 1.642e-04 9.629 13.019 10.909 9.875 9.432 9.219 9.102
0.000156 -1.99852 10.11394 0.2525603771 1.8467818499    0.252 -1.748  3.6275  5.050    1  0.000  0.545     0.00     0.00 -1 -1.07e-15      0.00 7.373e-01 2.626e-01 2.951e-05 7.964e-06 7.223e-05 -1.000 1.642e-04 9.140 12.306 10.311 9.348 8.934 8.737 8.629
0.000156 -1.99852 10.11394 0.3022403717 1.9573789835    0.302 -1.597  3.6364  5.013    1  0.000  0.545     0.00     0.00 -1 -1.68e-15      0.00 7.373e-01 2.626e-01 2.950e-05 7.965e-06 7.223e-05 -1.000 1.642e-04 8.763 11.752 9.850 8.941 8.550 8.366 8.266
0.000156 -1.99852 10.11394 0.3519202769 2.0465536118    0.352 -1.472  3.6446  4.987    1  0.000  0.544     0.00     0.00 -1 -2.27e-15      0.00 7.374e-01 2.625e-01 2.948e-05 7.966e-06 7.223e-05 -1.000 1.642e-04 8.450 11.283 9.464 8.601 8.231 8.058 7.964
0.000156 -1.99852 10.11394 0.4016002417 2.1207015514    0.401 -1.345  3.6535  4.953    1  0.000  0.545     0.00     0.00 -1 -2.99e-15      0.00 7.501e-01 2.497e-01 2.951e-05 7.963e-06 7.222e-05 -1.000 1.641e-04 8.134 10.800 9.073 8.257 7.908 7.748 7.662
0.000156 -1.99852 10.11394 0.4512802362 2.1837916374    0.451 -1.191  3.6684  4.909    1  0.000  0.545     0.00     0.00 -1 -4.24e-15      0.00 7.507e-01 2.491e-01 2.951e-05 7.963e-06 7.222e-05 -1.000 1.642e-04 7.747 10.143 8.571 7.830 7.516 7.374 7.301
0.000156 -1.99852 10.11394 0.5009601116 2.2384417057    0.501 -1.017  3.6858  4.850    1  0.000  0.545     0.00     0.00 -1 -6.41e-15      0.00 7.514e-01 2.484e-01 2.947e-05 7.950e-06 7.211e-05 -1.000 1.642e-04 7.314 9.416 8.020 7.359 7.082 6.962 6.902
0.000156 -1.99852 10.11394 0.5506401658 2.2841875553    0.550 -0.808  3.7064  4.764    1  0.000  0.544     0.00     0.00 -1 -1.09e-14      0.00 7.877e-01 2.122e-01 2.542e-05 6.864e-06 6.229e-05 -1.000 9.903e-05 6.790 8.580 7.379 6.804 6.568 6.471 6.427
0.000156 -1.99852 10.11394 0.6003201008 2.3213381767    0.600 -0.594  3.7324  4.691    1  0.000  0.544     0.00     0.00 -1 -1.86e-14      0.00 8.013e-01 1.986e-01 2.397e-05 6.478e-06 5.881e-05 -1.000 1.403e-04 6.254 7.725 6.725 6.248 6.059 5.990 5.965
0.000156 -1.99852 10.11394 0.6044924259 2.3241403103    0.604 -0.575  3.7350  4.686    1  0.000  0.543     0.00     0.00 -1 -1.95e-14      0.00 8.027e-01 1.972e-01 2.383e-05 6.439e-06 5.846e-05 -1.000 1.617e-04 6.206 7.652 6.667 6.199 6.015 5.949 5.925
0.000156 -1.99852 10.11394 0.6141805053 2.3304779530    0.614 -0.530  3.7409  4.671    1  0.000  0.543     0.00     0.00 -1 -2.18e-14      0.00 8.060e-01 1.938e-01 2.347e-05 6.344e-06 5.761e-05 -1.000 1.530e-04 6.095 7.481 6.534 6.086 5.911 5.851 5.832
0.000156 -1.99852 10.11394 0.6235839128 2.3364133835    0.623 -0.486  3.7465  4.657    1  0.000  0.543     0.00     0.00 -1 -2.18e-17      0.00 8.095e-01 1.904e-01 2.312e-05 6.249e-06 5.676e-05 -1.000 1.412e-04 5.985 7.320 6.405 5.977 5.813 5.758 5.743
0.000156 -1.99852 10.11394 0.6346601844 2.3431458473    0.634 -0.434  3.7531  4.639    1  0.000  0.543     0.00     0.00 -1  -3.7e-19      0.00 8.137e-01 1.862e-01 2.267e-05 6.131e-06 5.570e-05 -1.000 1.149e-04 5.855 7.132 6.253 5.849 5.696 5.648 5.637
0.000156 -1.99852 10.11394 0.6444784999 2.3488917351    0.644 -0.387  3.7588  4.621    1  0.000  0.542     0.00     0.00 -1 -5.65e-16      0.00 8.177e-01 1.822e-01 2.226e-05 6.020e-06 5.471e-05 -1.000 1.133e-04 5.738 6.967 6.118 5.734 5.591 5.550 5.542
0.000156 -1.99852 10.11394 0.6499999762 2.3520355225    0.650 -0.360  3.7619  4.611    1  0.000  0.542     0.00     0.00 -1 -3.36e-14      0.00 8.200e-01 1.799e-01 2.202e-05 5.956e-06 5.413e-05 -1.000 1.519e-04 5.671 6.876 6.042 5.669 5.532 5.493 5.487
0.000156 -1.99852 10.11394 0.6540139318 2.3542826176    0.654 -0.341  3.7642  4.603    1  0.000  0.542     0.00     0.00 -1 -3.53e-14      0.00 8.221e-01 1.778e-01 2.180e-05 5.898e-06 5.361e-05 -1.000 1.453e-04 5.622 6.812 5.987 5.621 5.488 5.452 5.447
0.000156 -1.99852 10.11394 0.6635050178 2.3594717979    0.663 -0.293  3.7694  4.582    1  0.000  0.542     0.00     0.00 -1 -2.32e-14      0.00 8.273e-01 1.726e-01 2.126e-05 5.755e-06 5.232e-05 -1.000 1.215e-04 5.503 6.659 5.854 5.507 5.382 5.351 5.349
0.000156 -1.99852 10.11394 0.6725659370 2.3642690182    0.672 -0.247  3.7743  4.561    1  0.000  0.541     0.00     0.00 -1 -2.69e-15      0.00 8.325e-01 1.674e-01 2.072e-05 5.609e-06 5.102e-05 -1.000 1.269e-04 5.387 6.514 5.726 5.394 5.278 5.251 5.251
0.000156 -1.99852 10.11394 0.6806070805 2.3684034348    0.680 -0.204  3.7786  4.541    1  0.000  0.541     0.00     0.00 -1 -2.34e-19      0.00 8.374e-01 1.624e-01 2.020e-05 5.473e-06 4.979e-05 -1.000 1.179e-04 5.280 6.382 5.608 5.291 5.182 5.159 5.162
0.000156 -1.99852 10.11394 0.6883981824 2.3723037243    0.688 -0.161  3.7827  4.519    1  0.000  0.540     0.00     0.00 -1 -1.01e-17      0.00 8.424e-01 1.574e-01 1.968e-05 5.333e-06 4.854e-05 -1.000 1.277e-04 5.172 6.254 5.491 5.187 5.085 5.067 5.071
0.000156 -1.99852 10.11394 0.6976202130 2.3767910004    0.697 -0.108  3.7875  4.491    1  0.000  0.540     0.00     0.00 -1 -1.14e-14      0.00 8.486e-01 1.512e-01 1.903e-05 5.161e-06 4.699e-05 -1.000 1.482e-04 5.039 6.099 5.346 5.059 4.965 4.951 4.958
0.000156 -1.99852 10.11394 0.6999999881 2.3779268265    0.700 -0.094  3.7888  4.484    1  0.000  0.540     0.00     0.00 -1 -6.91e-14      0.00 8.503e-01 1.496e-01 1.886e-05 5.115e-06 4.658e-05 -1.000 1.570e-04 5.004 6.059 5.308 5.025 4.933 4.920 4.928
0.000156 -1.99852 10.11394 0.7018927336 2.3788239956    0.701 -0.082  3.7897  4.477    1  0.000  0.539     0.00     0.00 -1 -7.14e-14      0.00 8.513e-01 1.485e-01 1.875e-05 5.088e-06 4.634e-05 -1.000 1.602e-04 4.976 6.026 5.277 4.997 4.907 4.895 4.904
0.000156 -1.99852 10.11394 0.7100743651 2.3826386929    0.710 -0.030  3.7938  4.447    1  0.000  0.537     0.00     0.00 -1 -8.28e-14      0.00 8.557e-01 1.442e-01 1.831e-05 4.984e-06 4.543e-05 -1.000 8.646e-05 4.846 5.883 5.137 4.871 4.787 4.780 4.790
0.000156 -1.99852 10.11394 0.7171008587 2.3858349323    0.717  0.017  3.7971  4.417    1  0.000  0.536     0.00     0.00 -1 -9.49e-14      0.00 8.589e-01 1.410e-01 1.801e-05 4.911e-06 4.480e-05 -1.000 7.339e-05 4.728 5.755 5.010 4.755 4.678 4.674 4.686
0.000156 -1.99852 10.11394 0.7239075899 2.3888633251    0.723  0.065  3.8003  4.385    1  0.000  0.534     0.00     0.00 -1 -8.04e-14      0.00 8.617e-01 1.381e-01 1.775e-05 4.852e-06 4.429e-05 -1.000 1.473e-04 4.607 5.624 4.880 4.636 4.564 4.563 4.577
0.000156 -1.99852 10.11394 0.7307144403 2.3918271065    0.730  0.118  3.8033  4.349    1  0.000  0.533     0.00     0.00 -1 -8.49e-20      0.00 8.643e-01 1.356e-01 1.752e-05 4.801e-06 4.386e-05 -1.000 1.345e-04 4.475 5.487 4.740 4.506 4.439 4.442 4.457
0.000156 -1.99852 10.11394 0.7385791540 2.3951733112    0.738  0.184  3.8065  4.300    1  0.000  0.531     0.00     0.00 -1 -2.47e-17      0.00 8.670e-01 1.329e-01 1.729e-05 4.750e-06 4.342e-05 -1.000 1.127e-04 4.310 5.316 4.565 4.341 4.281 4.287 4.303
0.000156 -1.99852 10.11394 0.7459296584 2.3982274532    0.745  0.253  3.8091  4.246    1  0.000  0.529     0.00     0.00 -1 -8.59e-15      0.00 8.691e-01 1.308e-01 1.711e-05 4.711e-06 4.309e-05 -1.000 8.819e-05 4.138 5.142 4.384 4.170 4.114 4.123 4.140
0.000156 -1.99852 10.11394 0.7500000000 2.3998889923    0.749  0.294  3.8102  4.211    1  0.000  0.529     0.00     0.00 -1 -2.22e-13      0.00 8.701e-01 1.298e-01 1.703e-05 4.695e-06 4.296e-05 -1.000 1.000e-04 4.035 5.039 4.277 4.067 4.013 4.023 4.040
0.000156 -1.99852 10.11394 0.7526862621 2.4009742737    0.752  0.322  3.8110  4.188    1  0.000  0.529     0.00     0.00 -1 -2.43e-13      0.00 8.696e-01 1.303e-01 1.711e-05 4.716e-06 4.316e-05 -1.000 1.000e-04 3.966 4.970 4.204 3.997 3.946 3.957 3.974
0.000156 -1.99852 10.11394 0.7567442656 2.4025969505    0.756  0.367  3.8116  4.147    1  0.000  0.529     0.00     0.00 -1 -2.82e-13      0.00 8.685e-01 1.314e-01 1.726e-05 4.758e-06 4.355e-05 -1.000 1.000e-04 3.851 4.858 4.087 3.883 3.832 3.844 3.862
0.000156 -1.99852 10.11394 0.7582584620 2.4031975269    0.757  0.386  3.8114  4.129    1  0.000  0.528     0.00     0.00 -1 -3.02e-13      0.00 8.681e-01 1.318e-01 1.732e-05 4.774e-06 4.369e-05 -1.000 1.001e-04 3.804 4.812 4.039 3.835 3.785 3.796 3.813
0.000156 -1.99852 10.11394 0.7623728514 2.4048149586    0.761  0.441  3.8097  4.069    1  0.000  0.528     0.00     0.00 -1 -3.64e-13      0.00 8.670e-01 1.329e-01 1.747e-05 4.817e-06 4.409e-05 -1.000 9.997e-05 3.666 4.681 3.902 3.695 3.642 3.652 3.669
0.000156 -1.99852 10.11394 0.7652521133 2.4059350491    0.764  0.485  3.8071  4.016    1  0.000  0.528     0.00     0.00 -1 -4.28e-13      0.00 8.662e-01 1.337e-01 1.758e-05 4.847e-06 4.436e-05 -1.000 9.996e-05 3.556 4.580 3.797 3.582 3.526 3.533 3.548
0.000156 -1.99852 10.11394 0.7658661008 2.4061727524    0.765  0.496  3.8063  4.003    1  0.000  0.528     0.00     0.00 -1 -4.46e-13      0.00 8.660e-01 1.339e-01 1.761e-05 4.853e-06 4.442e-05 -1.000 1.000e-04 3.531 4.557 3.773 3.556 3.499 3.506 3.520
0.000156 -1.99852 10.11394 0.7664532065 2.4063994884    0.765  0.506  3.8051  3.988    1  0.000  0.528     0.00     0.00 -1 -4.66e-13      0.00 8.659e-01 1.340e-01 1.763e-05 4.860e-06 4.447e-05 -1.000 9.994e-05 3.504 4.534 3.748 3.529 3.469 3.475 3.489
0.000156 -1.99852 10.11394 0.7684291601 2.4071598053    0.767  0.546  3.8001  3.929    2  0.000  0.528     0.00     0.00 -1 -5.43e-13      0.00 8.653e-01 1.346e-01 1.770e-05 4.880e-06 4.466e-05 -1.000 1.000e-04 3.405 4.450 3.660 3.426 3.359 3.360 3.371
0.000156 -1.99852 10.11394 0.7699427009 2.4077391624    0.769  0.581  3.7938  3.869    2  0.000  0.528     0.00     0.00 -1  -6.3e-13      0.00 8.649e-01 1.350e-01 1.776e-05 4.896e-06 4.481e-05 -1.000 1.000e-04 3.316 4.383 3.586 3.334 3.256 3.251 3.259
0.000156 -1.99852 10.11394 0.7711291313 2.4081914425    0.770  0.614  3.7863  3.808    2  0.000  0.528     0.00     0.00 -1 -7.29e-13      0.00 8.641e-01 1.357e-01 1.787e-05 4.926e-06 4.509e-05 -1.000 1.191e-04 3.235 4.329 3.523 3.249 3.159 3.146 3.151
0.000156 -1.99852 10.11394 0.7720862627 2.4085552692    0.771  0.644  3.7783  3.746    2  0.000  0.529     0.00     0.00 -1 -8.37e-13      0.00 8.557e-01 1.442e-01 1.884e-05 5.190e-06 4.747e-05 -1.000 1.124e-04 3.160 4.287 3.469 3.171 3.068 3.048 3.048
0.000156 -1.99852 10.11394 0.7728896737 2.4088597298    0.771  0.672  3.7706  3.688    2  0.000  0.531     0.00     0.00 -1 -9.54e-13      0.00 8.346e-01 1.653e-01 2.100e-05 5.775e-06 5.275e-05 -1.000 1.121e-04 3.091 4.254 3.421 3.099 2.983 2.955 2.951
0.000156 -1.99852 10.11394 0.7735987902 2.4091279507    0.772  0.701  3.7632  3.630    2  0.000  0.533     0.00     0.00 -1 -1.09e-12      0.00 8.088e-01 1.911e-01 2.349e-05 6.443e-06 5.873e-05 -1.000 1.107e-04 3.018 4.220 3.370 3.025 2.897 2.862 2.854
0.000156 -1.99852 10.11394 0.7742280364 2.4093654156    0.773  0.733  3.7566  3.572    2  0.000  0.535     0.00     0.00 -1 -1.25e-12      0.00 7.921e-01 2.078e-01 2.507e-05 6.867e-06 6.251e-05 -1.000 1.124e-04 2.939 4.180 3.311 2.945 2.806 2.764 2.752
0.000156 -1.99852 10.11394 0.7748514414 2.4096002579    0.773  0.773  3.7507  3.508    2  0.000  0.536     0.00     0.00 -1 -1.48e-12      0.00 7.818e-01 2.181e-01 2.606e-05 7.130e-06 6.485e-05 -1.000 1.589e-04 2.837 4.116 3.228 2.843 2.695 2.646 2.631
0.000156 -1.99852 10.11394 0.7753436565 2.4097852707    0.774  0.813  3.7469  3.453    2  0.000  0.536     0.00     0.00 -1 -1.73e-12      0.00 7.766e-01 2.232e-01 2.655e-05 7.261e-06 6.603e-05 -1.000 1.642e-04 2.739 4.045 3.143 2.745 2.590 2.538 2.520
0.000156 -1.99852 10.11394 0.7756802440 2.4099118710    0.774  0.842  3.7445  3.414    2  0.000  0.536     0.00     0.00 -1 -1.94e-12      0.00 7.739e-01 2.259e-01 2.680e-05 7.329e-06 6.664e-05 -1.000 1.642e-04 2.664 3.988 3.076 2.671 2.512 2.457 2.438
0.000156 -1.99852 10.11394 0.7759783268 2.4100236893    0.774  0.872  3.7429  3.378    3  0.000  0.536     0.00     0.00 -1 -2.16e-12      0.00 7.721e-01 2.277e-01 2.697e-05 7.372e-06 6.703e-05 -1.000 1.528e-04 2.590 3.926 3.007 2.597 2.435 2.379 2.359
0.000156 -1.99852 10.11394 0.7763690948 2.4101700783    0.774  0.913  3.7409  3.330    3  0.000  0.537     0.00     0.00 -1  -2.5e-12      0.00 7.699e-01 2.299e-01 2.715e-05 7.422e-06 6.747e-05 -1.000 1.515e-04 2.488 3.839 2.913 2.496 2.331 2.272 2.251
0.000156 -1.99852 10.11394 0.7767628431 2.4103176594    0.775  0.956  3.7390  3.279    3  0.000  0.537     0.00     0.00 -1 -2.93e-12      0.00 7.680e-01 2.319e-01 2.730e-05 7.463e-06 6.784e-05 -1.000 1.362e-04 2.379 3.745 2.810 2.388 2.220 2.159 2.137
0.000156 -1.99852 10.11394 0.7771399617 2.4104585648    0.775  1.001  3.7374  3.228    3  0.000  0.537     0.00     0.00 -1 -3.44e-12      0.00 7.662e-01 2.336e-01 2.743e-05 7.496e-06 6.813e-05 -1.000 1.634e-04 2.268 3.648 2.705 2.278 2.107 2.045 2.021
0.000156 -1.99852 10.11394 0.7775408030 2.4106085300    0.775  1.051  3.7357  3.171    3  0.000  0.537     0.00     0.00 -1 -4.13e-12      0.00 7.645e-01 2.353e-01 2.754e-05 7.527e-06 6.841e-05 -1.000 1.642e-04 2.142 3.537 2.585 2.153 1.980 1.916 1.890
0.000156 -1.99852 10.11394 0.7778772116 2.4107339382    0.776  1.097  3.7342  3.120    3  0.000  0.537     0.00     0.00 -1 -4.86e-12      0.00 7.631e-01 2.368e-01 2.762e-05 7.550e-06 6.861e-05 -1.000 1.642e-04 2.028 3.436 2.477 2.041 1.865 1.800 1.773
0.000156 -1.99852 10.11394 0.7782174945 2.4108607769    0.776  1.146  3.7327  3.065    3  0.000  0.537     0.00     0.00 -1  -5.8e-12      0.00 7.617e-01 2.381e-01 2.769e-05 7.570e-06 6.878e-05 -1.000 1.537e-04 1.905 3.325 2.358 1.919 1.740 1.673 1.645
0.000156 -1.99852 10.11394 0.7785513997 2.4109852314    0.776  1.199  3.7312  3.005    3  0.000  0.537     0.00     0.00 -1 -7.01e-12      0.00 7.604e-01 2.394e-01 2.774e-05 7.589e-06 6.894e-05 -1.000 1.561e-04 1.772 3.206 2.232 1.788 1.607 1.538 1.509
0.000156 -1.99852 10.11394 0.7788208723 2.4110856056    0.776  1.246  3.7297  2.953    3  0.000  0.536     0.00     0.00 -1  -8.3e-12      0.00 7.594e-01 2.405e-01 2.777e-05 7.604e-06 6.905e-05 -1.000 1.630e-04 1.655 3.102 2.120 1.672 1.489 1.418 1.388
0.000156 -1.99852 10.11394 0.7790808678 2.4111821651    0.776  1.295  3.7283  2.898    3  0.000  0.536     0.00     0.00 -1 -9.89e-12      0.00 7.584e-01 2.414e-01 2.779e-05 7.620e-06 6.914e-05 -1.000 1.642e-04 1.533 2.994 2.003 1.550 1.365 1.293 1.262
0.000156 -1.99852 10.11394 0.7793143988 2.4112689495    0.776  1.343  3.7268  2.844    3  0.000  0.535     0.00     0.00 -1 -1.18e-11      0.00 7.576e-01 2.422e-01 2.778e-05 7.638e-06 6.921e-05 -1.000 1.615e-04 1.413 2.888 1.888 1.431 1.244 1.170 1.138
0.000156 -1.99852 10.11394 0.7795260549 2.4113476276    0.777  1.391  3.7253  2.791    3  0.000  0.535     0.00     0.00 -1  -1.4e-11      0.00 7.569e-01 2.430e-01 2.777e-05 7.657e-06 6.927e-05 -1.000 1.491e-04 1.294 2.784 1.775 1.314 1.123 1.048 1.015
0.000156 -1.99852 10.11394 0.7797153592 2.4114177227    0.777  1.437  3.7238  2.738    3  0.000  0.534     0.00     0.00 -1 -1.65e-11      0.00 7.563e-01 2.435e-01 2.775e-05 7.678e-06 6.932e-05 -1.000 1.559e-04 1.177 2.681 1.664 1.198 1.006 0.929 0.895
0.000156 -1.99852 10.11394 0.7798945904 2.4114842415    0.777  1.486  3.7223  2.684    3  0.000  0.533     0.00     0.00 -1 -1.96e-11      0.00 7.559e-01 2.440e-01 2.773e-05 7.700e-06 6.936e-05 -1.000 1.641e-04 1.056 2.574 1.549 1.079 0.884 0.806 0.770
0.000156 -1.99852 10.11394 0.7800536752 2.4115431309    0.777  1.533  3.7207  2.630    3  0.000  0.533     0.00     0.00 -1 -2.33e-11      0.00 7.555e-01 2.443e-01 2.771e-05 7.721e-06 6.938e-05 -1.000 1.642e-04 0.939 2.471 1.437 0.962 0.765 0.685 0.649
0.000156 -1.99852 10.11394 0.7801950574 2.4115955830    0.776  1.578  3.7192  2.578    3  0.000  0.532     0.00     0.00 -1 -2.75e-11      0.00 7.553e-01 2.446e-01 2.770e-05 7.736e-06 6.940e-05 -1.000 1.641e-04 0.824 2.371 1.329 0.850 0.650 0.568 0.530
0.000156 -1.99852 10.11394 0.7803232074 2.4116430283    0.776  1.624  3.7177  2.527    3  0.000  0.532     0.00     0.00 -1 -3.23e-11      0.00 7.551e-01 2.447e-01 2.769e-05 7.746e-06 6.941e-05 -1.000 1.504e-04 0.711 2.274 1.223 0.739 0.536 0.453 0.414
0.000156 -1.99852 10.11394 0.7804433107 2.4116876125    0.776  1.670  3.7161  2.475    3  0.000  0.532     0.00     0.00 -1 -3.82e-11      0.00 7.550e-01 2.448e-01 2.768e-05 7.752e-06 6.942e-05 -1.000 1.641e-04 0.596 2.176 1.114 0.625 0.419 0.335 0.294
0.000156 -1.99852 10.11394 0.7805494070 2.4117269516    0.776  1.714  3.7145  2.424    3  0.000  0.532     0.00     0.00 -1 -4.49e-11      0.00 7.550e-01 2.448e-01 2.768e-05 7.754e-06 6.942e-05 -1.000 1.642e-04 0.485 2.085 1.010 0.515 0.307 0.220 0.179
0.000156 -1.99852 10.11394 0.7806473374 2.4117631912    0.776  1.759  3.7129  2.372    3  0.000  0.532     0.00     0.00 -1 -5.28e-11      0.00 7.550e-01 2.448e-01 2.768e-05 7.755e-06 6.943e-05 -1.000 1.642e-04 0.373 1.993 0.905 0.404 0.193 0.105 0.062
0.000156 -1.99852 10.11394 0.7807373405 2.4117963314    0.776  1.804  3.7113  2.321    3  0.000  0.532     0.00     0.00 -1 -6.21e-11      0.00 7.550e-01 2.448e-01 2.768e-05 7.755e-06 6.943e-05 -1.000 1.642e-04 0.261 1.901 0.801 0.294 0.080 -0.010 -0.054
0.000156 -1.99852 10.11394 0.7808172703 2.4118258953    0.775  1.847  3.7096  2.271    3  0.000  0.532     0.00     0.00 -1 -1.23e-13      0.00 7.550e-01 2.449e-01 2.768e-05 7.756e-06 6.943e-05 -1.000 1.642e-04 0.153 1.814 0.701 0.188 -0.029 -0.121 -0.166
0.000156 -1.99852 10.11394 0.7808911204 2.4118533134    0.775  1.890  3.7081  2.222    3  0.000  0.532     0.00     0.00 -1 -3.41e-15      0.00 7.550e-01 2.449e-01 2.768e-05 7.756e-06 6.943e-05 -1.000 1.642e-04 0.046 1.728 0.601 0.082 -0.138 -0.231 -0.277
0.000156 -1.99852 10.11394 0.7809620500 2.4118795395    0.775  1.934  3.7064  2.171    3  0.000  0.532     0.00     0.00 -1  -1.7e-15      0.00 7.550e-01 2.449e-01 2.768e-05 7.756e-06 6.943e-05 -1.000 1.642e-04 -0.066 1.640 0.498 -0.028 -0.250 -0.345 -0.393
0.000156 -1.99852 10.11394 0.7810228467 2.4119019508    0.775  1.976  3.7047  2.123    3  0.000  0.532     0.00     0.00 -1 -1.97e-15      0.00 7.550e-01 2.449e-01 2.768e-05 7.757e-06 6.943e-05 -1.000 1.641e-04 -0.169 1.558 0.404 -0.129 -0.355 -0.452 -0.501
0.000156 -1.99852 10.11394 0.7810789943 2.4119226933    0.775  2.017  3.7032  2.075    3  0.000  0.532     0.00     0.00 -1 -2.28e-15      0.00 7.550e-01 2.449e-01 2.768e-05 7.757e-06 6.943e-05 -1.000 1.642e-04 -0.272 1.477 0.309 -0.230 -0.458 -0.557 -0.608
0.000156 -1.99852 10.11394 0.7811326981 2.4119424820    0.774  2.059  3.7015  2.026    3  0.000  0.532     0.00     0.00 -1 -2.64e-15      0.00 7.550e-01 2.449e-01 2.768e-05 7.757e-06 6.943e-05 -1.000 1.641e-04 -0.378 1.394 0.212 -0.333 -0.565 -0.666 -0.717
0.000156 -1.99852 10.11394 0.7811795473 2.4119598866    0.774  2.098  3.6999  1.980    3  0.000  0.532     0.00     0.00 -1 -3.03e-15      0.00 7.550e-01 2.449e-01 2.768e-05 7.757e-06 6.943e-05 -1.000 1.642e-04 -0.476 1.319 0.123 -0.429 -0.664 -0.767 -0.820
0.000156 -1.99852 10.11394 0.7812234163 2.4119760990    0.774  2.137  3.6983  1.935    3  0.000  0.532     0.00     0.00 -1 -3.46e-15      0.00 7.549e-01 2.449e-01 2.768e-05 7.758e-06 6.943e-05 -1.000 1.641e-04 -0.572 1.250 0.036 -0.524 -0.762 -0.866 -0.920
0.000156 -1.99852 10.11394 0.7812690735 2.4119927883    0.773  2.174  3.6969  1.892    3  0.000  0.532     0.00     0.00 -1 -3.94e-15      0.00 7.549e-01 2.449e-01 2.768e-05 7.758e-06 6.943e-05 -1.000 1.641e-04 -0.665 1.181 -0.049 -0.615 -0.855 -0.962 -1.017
0.000156 -1.99852 10.11394 0.7813196778 2.4120116234    0.773  2.203  3.6957  1.857    3  0.000  0.532     0.00     0.00 -1 -4.42e-15      0.00 7.549e-01 2.449e-01 2.768e-05 7.758e-06 6.943e-05 -1.000 1.642e-04 -0.739 1.128 -0.115 -0.687 -0.930 -1.038 -1.094
0.000156 -1.99852 10.11394 0.7813441157 2.4120206833    0.772  2.197  3.6962  1.865    3  0.000  0.532     0.00     0.00 -1 -4.43e-15      0.00 7.549e-01 2.449e-01 2.768e-05 7.758e-06 6.944e-05 -1.000 1.642e-04 -0.723 1.136 -0.103 -0.672 -0.914 -1.021 -1.077
0.000156 -1.99852 10.11394 0.7813501358 2.4120228291    0.772  2.204  3.6959  1.858    3  0.000  0.532     0.00     0.00 -1 -4.52e-15      0.00 7.549e-01 2.449e-01 2.768e-05 7.758e-06 6.944e-05 -1.000 1.642e-04 -0.739 1.125 -0.117 -0.688 -0.931 -1.038 -1.094
0.000156 -1.99852 10.11394 0.7813835144 2.4120352268    0.772  2.245  3.6940  1.809    3  0.000  0.532     0.00     0.00 -1 -5.14e-15      0.00 7.549e-01 2.449e-01 2.768e-05 7.758e-06 6.944e-05 -1.000 1.642e-04 -0.843 1.052 -0.209 -0.788 -1.035 -1.144 -1.202
0.000156 -1.99852 10.11394 0.7814171910 2.4120476246    0.772  2.289  3.6923  1.757    3  0.000  0.532     0.00     0.00 -1 -5.92e-15      0.00 7.549e-01 2.449e-01 2.768e-05 7.759e-06 6.944e-05 -1.000 1.641e-04 -0.952 0.973 -0.308 -0.896 -1.146 -1.257 -1.316
0.000156 -1.99852 10.11394 0.7814458609 2.4120581150    0.771  2.329  3.6904  1.710    3  0.000  0.532     0.00     0.00 -1 -6.74e-15      0.00 7.549e-01 2.449e-01 2.768e-05 7.759e-06 6.944e-05 -1.000 1.641e-04 -1.052 0.904 -0.396 -0.992 -1.246 -1.360 -1.421
0.000156 -1.99852 10.11394 0.7814739943 2.4120686054    0.771  2.371  3.6885  1.660    3  0.000  0.532     0.00     0.00 -1 -7.71e-15      0.00 7.549e-01 2.449e-01 2.768e-05 7.759e-06 6.944e-05 -1.000 1.641e-04 -1.157 0.834 -0.488 -1.093 -1.351 -1.468 -1.530
0.000156 -1.99852 10.11394 0.7815002799 2.4120781422    0.770  2.413  3.6867  1.611    3  0.000  0.532     0.00     0.00 -1 -8.81e-15      0.00 7.549e-01 2.449e-01 2.768e-05 7.759e-06 6.944e-05 -1.000 1.642e-04 -1.262 0.763 -0.581 -1.195 -1.457 -1.575 -1.639
0.000156 -1.99852 10.11394 0.7815232873 2.4120867252    0.769  2.452  3.6848  1.563    3  0.000  0.532     0.00     0.00 -1 -9.99e-15      0.00 7.549e-01 2.449e-01 2.768e-05 7.759e-06 6.944e-05 -1.000 1.641e-04 -1.360 0.711 -0.664 -1.290 -1.556 -1.677 -1.742
0.000156 -1.99852 10.11394 0.7815460563 2.4120950699    0.769  2.494  3.6829  1.513    3  0.000  0.532     0.00     0.00 -1 -1.14e-14      0.00 7.549e-01 2.449e-01 2.768e-05 7.759e-06 6.944e-05 -1.000 1.641e-04 -1.465 0.663 -0.754 -1.393 -1.663 -1.786 -1.853
0.000156 -1.99852 10.11394 0.7815663218 2.4121026993    0.768  2.534  3.6810  1.465    3  0.000  0.532     0.00     0.00 -1 -1.29e-14      0.00 7.549e-01 2.449e-01 2.768e-05 7.759e-06 6.944e-05 -1.000 1.642e-04 -1.565 0.625 -0.836 -1.491 -1.766 -1.891 -1.959
0.000156 -1.99852 10.11394 0.7815851569 2.4121096134    0.767  2.574  3.6791  1.417    3  0.000  0.532     0.00     0.00 -1 -1.46e-14      0.00 7.549e-01 2.449e-01 2.768e-05 7.759e-06 6.944e-05 -1.000 1.641e-04 -1.665 0.594 -0.916 -1.588 -1.867 -1.995 -2.065
0.000156 -1.99852 10.11394 0.7816031575 2.4121162891    0.766  2.614  3.6772  1.369    3  0.000  0.532     0.00     0.00 -1 -1.65e-14      0.00 7.549e-01 2.449e-01 2.768e-05 7.759e-06 6.944e-05 -1.000 1.642e-04 -1.766 0.567 -0.996 -1.686 -1.971 -2.101 -2.172
0.000156 -1.99852 10.11394 0.7816224694 2.4121234417    0.765  2.661  3.6748  1.311    3  0.000  0.532     0.00     0.00 -1 -1.91e-14      0.00 7.549e-01 2.449e-01 2.768e-05 7.760e-06 6.944e-05 -1.000 1.641e-04 -1.884 0.548 -1.086 -1.799 -2.091 -2.224 -2.298
0.000156 -1.99852 10.11394 0.7816380858 2.4121291637    0.764  2.702  3.6728  1.262    3  0.000  0.532     0.00     0.00 -1 -2.17e-14      0.00 7.549e-01 2.449e-01 2.768e-05 7.760e-06 6.944e-05 -1.000 1.642e-04 -1.986 0.533 -1.163 -1.898 -2.195 -2.331 -2.407
0.000156 -1.99852 10.11394 0.7816541195 2.4121351242    0.763  2.748  3.6704  1.206    3  0.000  0.532     0.00     0.00 -1 -2.49e-14      0.00 7.549e-01 2.449e-01 2.768e-05 7.760e-06 6.944e-05 -1.000 1.642e-04 -2.099 0.532 -1.243 -2.006 -2.311 -2.450 -2.528
0.000156 -1.99852 10.11394 0.7816673517 2.4121398926    0.762  2.788  3.6685  1.158    3  0.000  0.532     0.00     0.00 -1 -2.81e-14      0.00 7.549e-01 2.449e-01 2.768e-05 7.760e-06 6.944e-05 -1.000 1.641e-04 -2.200 0.527 -1.315 -2.101 -2.413 -2.556 -2.635
0.000156 -1.99852 10.11394 0.7816808224 2.4121448994    0.760  2.832  3.6659  1.103    3  0.000  0.532     0.00     0.00 -1 -3.21e-14      0.00 7.549e-01 2.449e-01 2.768e-05 7.760e-06 6.944e-05 -1.000 1.642e-04 -2.309 0.552 -1.385 -2.203 -2.524 -2.671 -2.752
0.000156 -1.99852 10.11394 0.7816920280 2.4121489525    0.759  2.871  3.6640  1.056    3  0.000  0.532     0.00     0.00 -1 -3.61e-14      0.00 7.549e-01 2.449e-01 2.768e-05 7.760e-06 6.944e-05 -1.000 1.641e-04 -2.407 0.562 -1.450 -2.295 -2.623 -2.773 -2.856
0.000156 -1.99852 10.11394 0.7817037702 2.4121532440    0.757  2.915  3.6615  1.000    3  0.000  0.532     0.00     0.00 -1 -4.12e-14      0.00 7.549e-01 2.449e-01 2.768e-05 7.760e-06 6.944e-05 -1.000 1.642e-04 -2.516 0.605 -1.513 -2.396 -2.735 -2.888 -2.975
0.000156 -1.99852 10.11394 0.7817156911 2.4121577740    0.755  2.962  3.6590  0.941    3  0.000  0.532     0.00     0.00 -1 -4.75e-14      0.00 7.549e-01 2.449e-01 2.768e-05 7.760e-06 6.944e-05 -1.000 1.642e-04 -2.636 0.656 -1.578 -2.504 -2.856 -3.015 -3.103
0.000156 -1.99852 10.11394 0.7817254066 2.4121613503    0.753  3.004  3.6564  0.888    3  0.000  0.532     0.00     0.00 -1 -5.39e-14      0.00 7.549e-01 2.449e-01 2.768e-05 7.760e-06 6.944e-05 -1.000 1.641e-04 -2.741 0.691 -1.633 -2.595 -2.959 -3.123 -3.214
0.000156 -1.99852 10.11394 0.7817336917 2.4121644497    0.751  3.042  3.6544  0.841    3  0.000  0.532     0.00     0.00 -1 -6.04e-14      0.00 7.549e-01 2.449e-01 2.768e-05 7.760e-06 6.944e-05 -1.000 1.642e-04 -2.836 0.694 -1.690 -2.678 -3.052 -3.219 -3.313
0.000156 -1.99852 10.11394 0.7817422748 2.4121675491    0.749  3.084  3.6519  0.788    3  0.000  0.532     0.00     0.00 -1 -6.84e-14      0.00 7.549e-01 2.449e-01 2.768e-05 7.760e-06 6.944e-05 -1.000 1.642e-04 -2.940 0.707 -1.749 -2.768 -3.153 -3.326 -3.423
0.000156 -1.99852 10.11394 0.7817510366 2.4121706486    0.746  3.130  3.6493  0.730    3  0.000  0.532     0.00     0.00 -1 -7.83e-14      0.00 7.549e-01 2.449e-01 2.768e-05 7.760e-06 6.944e-05 -1.000 1.642e-04 -3.054 0.717 -1.815 -2.867 -3.263 -3.442 -3.541
0.000156 -1.99852 10.11394 0.7817584276 2.4121735096    0.743  3.171  3.6468  0.677    3  0.000  0.532     0.00     0.00 -1 -8.86e-14      0.00 7.549e-01 2.449e-01 2.768e-05 7.760e-06 6.944e-05 -1.000 1.642e-04 -3.157 0.732 -1.871 -2.953 -3.361 -3.545 -3.647
0.000156 -1.99852 10.11394 0.7817658186 2.4121761322    0.739  3.214  3.6443  0.622    3  0.000  0.532     0.00     0.00 -1 -1.01e-13      0.00 7.549e-01 2.449e-01 2.768e-05 7.760e-06 6.944e-05 -1.000 1.642e-04 -3.265 0.747 -1.930 -3.045 -3.465 -3.654 -3.759
0.000156 -1.99852 10.11394 0.7817726731 2.4121787548    0.736  3.255  3.6418  0.569    3  0.000  0.532     0.00     0.00 -1 -1.14e-13      0.00 7.549e-01 2.449e-01 2.768e-05 7.760e-06 6.944e-05 -1.000 1.642e-04 -3.367 0.766 -1.982 -3.129 -3.561 -3.756 -3.864
0.000156 -1.99852 10.11394 0.7817745805 2.4121794701    0.735  3.265  3.6413  0.556    3  0.000  0.532     0.00     0.00 -1 -1.18e-13      0.00 7.549e-01 2.449e-01 2.768e-05 7.760e-06 6.944e-05 -1.000 1.641e-04 -3.392 0.770 -1.996 -3.151 -3.586 -3.782 -3.891
0.000156 -1.99852 10.11394 0.7817745805 2.4121794701    0.721  1.653  3.9334  3.329    4  0.000  0.532     0.00     0.00 -1    -1e-30      0.00 7.549e-01 2.450e-01 2.768e-05 7.763e-06 6.945e-05 -1.000 1.642e-04 0.639 1.591 0.589 0.778 0.962 1.067 1.087
0.000156 -1.99852 10.11394 0.7817759514 2.4121799469    0.721  1.661  3.9284  3.300    4  0.000  0.532     0.00     0.00 -1    -1e-30      0.00 7.549e-01 2.450e-01 2.768e-05 7.763e-06 6.945e-05 -1.000 1.641e-04 0.617 1.572 0.560 0.740 0.918 1.021 1.039
0.000156 -1.99852 10.11394 0.7818247676 2.4121980667    0.721  1.676  3.9211  3.256    4  0.000  0.532     0.00     0.00 -1    -1e-30      0.00 7.549e-01 2.450e-01 2.768e-05 7.763e-06 6.945e-05 -1.000 1.642e-04 0.580 1.540 0.515 0.682 0.851 0.949 0.966
0.000156 -1.99852 10.11394 0.7818747759 2.4122164249    0.721  1.677  3.9213  3.256    4  0.000  0.532     0.00     0.00 -1    -1e-30      0.00 7.549e-01 2.450e-01 2.768e-05 7.763e-06 6.945e-05 -1.000 1.642e-04 0.578 1.538 0.513 0.680 0.849 0.948 0.965
0.000156 -1.99852 10.11394 0.7819263339 2.4122354984    0.721  1.677  3.9219  3.259    4  0.000  0.532     0.00     0.00 -1    -1e-30      0.00 7.549e-01 2.450e-01 2.768e-05 7.763e-06 6.945e-05 -1.000 1.642e-04 0.578 1.538 0.514 0.682 0.852 0.951 0.968
0.000156 -1.99852 10.11394 0.7819781899 2.4122545719    0.721  1.677  3.9224  3.261    4  0.000  0.532     0.00     0.00 -1    -1e-30      0.00 7.549e-01 2.450e-01 2.768e-05 7.763e-06 6.945e-05 -1.000 1.641e-04 0.579 1.538 0.515 0.684 0.855 0.954 0.971
0.000156 -1.99852 10.11394 0.7820301056 2.4122736454    0.721  1.676  3.9226  3.262    4  0.000  0.532     0.00     0.00 -1    -1e-30      0.00 7.549e-01 2.450e-01 2.768e-05 7.763e-06 6.945e-05 -1.000 1.642e-04 0.579 1.538 0.516 0.685 0.856 0.955 0.973
0.000156 -1.99852 10.11394 0.7820825577 2.4122929573    0.721  1.677  3.9226  3.262    4  0.000  0.532     0.00     0.00 -1    -1e-30      0.00 7.549e-01 2.450e-01 2.768e-05 7.763e-06 6.945e-05 -1.000 1.642e-04 0.579 1.538 0.516 0.685 0.856 0.955 0.973
0.000156 -1.99852 10.11394 0.7821358442 2.4123125076    0.721  1.677  3.9223  3.260    4  0.000  0.532     0.00     0.00 -1    -1e-30      0.00 7.549e-01 2.450e-01 2.768e-05 7.763e-06 6.945e-05 -1.000 1.642e-04 0.578 1.537 0.515 0.684 0.854 0.953 0.971
0.000156 -1.99852 10.11394 0.7821889520 2.4123320580    0.721  1.677  3.9217  3.258    4  0.000  0.532     0.00     0.00 -1    -1e-30      0.00 7.549e-01 2.450e-01 2.768e-05 7.763e-06 6.945e-05 -1.000 1.642e-04 0.577 1.537 0.513 0.681 0.851 0.949 0.967
0.000156 -1.99852 10.11394 0.7822394371 2.4123506546    0.721  1.678  3.9206  3.253    4  0.000  0.532     0.00     0.00 -1    -1e-30      0.00 7.549e-01 2.450e-01 2.768e-05 7.763e-06 6.945e-05 -1.000 1.642e-04 0.575 1.536 0.510 0.676 0.844 0.942 0.959
0.000156 -1.99852 10.11394 0.7822904587 2.4123694897    0.721  1.679  3.9192  3.246    4  0.000  0.532     0.00     0.00 -1    -1e-30      0.00 7.549e-01 2.450e-01 2.768e-05 7.763e-06 6.945e-05 -1.000 1.642e-04 0.573 1.534 0.507 0.670 0.836 0.933 0.950
0.000156 -1.99852 10.11394 0.7823403478 2.4123878479    0.721  1.680  3.9174  3.237    4  0.000  0.532     0.00     0.00 -1    -1e-30      0.00 7.549e-01 2.450e-01 2.768e-05 7.763e-06 6.945e-05 -1.000 1.642e-04 0.570 1.533 0.503 0.662 0.825 0.921 0.938
0.000156 -1.99852 10.11394 0.7823905945 2.4124064445    0.721  1.682  3.9150  3.227    4  0.000  0.532     0.00     0.00 -1    -1e-30      0.00 7.549e-01 2.450e-01 2.768e-05 7.763e-06 6.945e-05 -1.000 1.642e-04 0.566 1.530 0.498 0.652 0.812 0.906 0.923
0.000156 -1.99852 10.11394 0.7824392319 2.4124243259    0.721  1.684  3.9122  3.213    4  0.000  0.532     0.00     0.00 -1    -1e-30      0.00 7.549e-01 2.450e-01 2.768e-05 7.763e-06 6.945e-05 -1.000 1.642e-04 0.561 1.528 0.492 0.639 0.796 0.888 0.905
0.000156 -1.99852 10.11394 0.7824884057 2.4124424458    0.721  1.686  3.9088  3.197    4  0.000  0.532     0.00     0.00 -1    -1e-30      0.00 7.549e-01 2.450e-01 2.768e-05 7.763e-06 6.945e-05 -1.000 1.642e-04 0.555 1.525 0.485 0.625 0.776 0.867 0.883
0.000156 -1.99852 10.11394 0.7825369239 2.4124603271    0.721  1.689  3.9048  3.179    4  0.000  0.532     0.00     0.00 -1    -1e-30      0.00 7.549e-01 2.450e-01 2.768e-05 7.763e-06 6.945e-05 -1.000 1.642e-04 0.548 1.522 0.480 0.609 0.755 0.842 0.858
0.000156 -1.99852 10.11394 0.7825898528 2.4124796391    0.721  1.692  3.9000  3.156    4  0.000  0.532     0.00     0.00 -1    -1e-30      0.00 7.549e-01 2.450e-01 2.768e-05 7.763e-06 6.945e-05 -1.000 1.642e-04 0.540 1.518 0.472 0.590 0.728 0.812 0.828
0.000156 -1.99852 10.11394 0.7826387882 2.4124977589    0.722  1.695  3.8950  3.133    4  0.000  0.532     0.00     0.00 -1    -1e-30      0.00 7.549e-01 2.450e-01 2.768e-05 7.763e-06 6.945e-05 -1.000 1.642e-04 0.531 1.514 0.468 0.571 0.700 0.782 0.798
0.000156 -1.99852 10.11394 0.7826889753 2.4125161171    0.722  1.699  3.8891  3.105    4  0.000  0.532     0.00     0.00 -1    -1e-30      0.00 7.549e-01 2.450e-01 2.768e-05 7.763e-06 6.945e-05 -1.000 1.642e-04 0.521 1.511 0.464 0.550 0.669 0.747 0.763
0.000156 -1.99852 10.11394 0.7827379704 2.4125342369    0.722  1.704  3.8830  3.076    4  0.000  0.532     0.00     0.00 -1    -1e-30      0.00 7.549e-01 2.450e-01 2.768e-05 7.763e-06 6.945e-05 -1.000 1.642e-04 0.511 1.507 0.464 0.530 0.638 0.712 0.727
0.000156 -1.99852 10.11394 0.7827866673 2.4125521183    0.722  1.708  3.8762  3.045    4  0.000  0.532     0.00     0.00 -1    -1e-30      0.00 7.549e-01 2.450e-01 2.768e-05 7.763e-06 6.945e-05 -1.000 1.642e-04 0.499 1.503 0.464 0.509 0.605 0.674 0.690
0.000156 -1.99852 10.11394 0.7827960849 2.4125554562    0.722  1.709  3.8749  3.039    4  0.000  0.532     0.00     0.00 -1    -1e-30      0.00 7.549e-01 2.450e-01 2.768e-05 7.763e-06 6.945e-05 -1.000 1.642e-04 0.497 1.502 0.465 0.505 0.599 0.667 0.682
0.000156 -1.99852 10.11394 0.7828204036 2.4125645161    0.722  1.712  3.8715  3.023    4  0.000  0.532     0.00     0.00 -1    -1e-30      0.00 7.549e-01 2.450e-01 2.768e-05 7.763e-06 6.945e-05 -1.000 1.641e-04 0.491 1.501 0.466 0.495 0.582 0.648 0.663
0.000156 -1.99852 10.11394 0.7828708291 2.4125831127    0.722  1.717  3.8642  2.989    4  0.000  0.532     0.00     0.00 -1    -1e-30      0.00 7.549e-01 2.450e-01 2.768e-05 7.763e-06 6.945e-05 -1.000 1.642e-04 0.478 1.497 0.469 0.475 0.549 0.609 0.624
0.000156 -1.99852 10.11394 0.7829190493 2.4126007557    0.722  1.722  3.8568  2.954    4  0.000  0.532     0.00     0.00 -1    -1e-30      0.00 7.549e-01 2.450e-01 2.768e-05 7.763e-06 6.945e-05 -1.000 1.642e-04 0.465 1.492 0.474 0.457 0.516 0.570 0.586
0.000156 -1.99852 10.11394 0.7829682231 2.4126188755    0.722  1.727  3.8488  2.916    4  0.000  0.532     0.00     0.00 -1    -1e-30      0.00 7.549e-01 2.450e-01 2.768e-05 7.763e-06 6.945e-05 -1.000 1.641e-04 0.451 1.489 0.480 0.439 0.482 0.529 0.545
0.000156 -1.99852 10.11394 0.7830120325 2.4126348495    0.722  1.733  3.8413  2.881    4  0.000  0.532     0.00     0.00 -1    -1e-30      0.00 7.549e-01 2.450e-01 2.768e-05 7.763e-06 6.945e-05 -1.000 1.642e-04 0.438 1.486 0.487 0.422 0.451 0.492 0.507
0.000156 -1.99852 10.11394 0.7830473185 2.4126479626    0.722  1.737  3.8351  2.852    4  0.000  0.532     0.00     0.00 -1    -1e-30      0.00 7.549e-01 2.450e-01 2.768e-05 7.763e-06 6.945e-05 -1.000 1.641e-04 0.427 1.484 0.493 0.409 0.426 0.461 0.475
0.000156 -1.99852 10.11394 0.7830924988 2.4126644135    0.722  1.743  3.8265  2.811    4  0.000  0.532     0.00     0.00 -1    -1e-30      0.00 7.549e-01 2.450e-01 2.768e-05 7.763e-06 6.945e-05 -1.000 1.642e-04 0.412 1.484 0.502 0.391 0.392 0.419 0.432
0.000156 -1.99852 10.11394 0.7831369638 2.4126808643    0.722  1.750  3.8181  2.771    4  0.000  0.532     0.00     0.00 -1    -1e-30      0.00 7.549e-01 2.450e-01 2.768e-05 7.763e-06 6.945e-05 -1.000 1.641e-04 0.396 1.485 0.511 0.374 0.359 0.379 0.390
0.000156 -1.99852 10.11394 0.7831818461 2.4126973152    0.722  1.756  3.8102  2.733    4  0.000  0.532     0.00     0.00 -1    -1e-30      0.00 7.549e-01 2.450e-01 2.768e-05 7.763e-06 6.945e-05 -1.000 1.642e-04 0.380 1.486 0.521 0.358 0.328 0.340 0.349
0.000156 -1.99852 10.11394 0.7832267880 2.4127137661    0.722  1.763  3.8026  2.697    4  0.000  0.532     0.00     0.00 -1    -1e-30      0.00 7.549e-01 2.450e-01 2.768e-05 7.763e-06 6.945e-05 -1.000 1.642e-04 0.364 1.487 0.530 0.342 0.298 0.303 0.309
0.000156 -1.99852 10.11394 0.7832720280 2.4127304554    0.722  1.771  3.7944  2.655    4  0.000  0.532     0.00     0.00 -1    -1e-30      0.00 7.549e-01 2.450e-01 2.768e-05 7.763e-06 6.945e-05 -1.000 1.642e-04 0.342 1.488 0.538 0.323 0.262 0.260 0.263
0.000156 -1.99852 10.11394 0.7832810283 2.4127337933    0.722  1.773  3.7928  2.647    4  0.000  0.532     0.00     0.00 -1    -1e-30      0.00 7.549e-01 2.450e-01 2.768e-05 7.763e-06 6.945e-05 -1.000 1.642e-04 0.338 1.488 0.540 0.319 0.255 0.252 0.254
0.000156 -1.99852 10.11394 0.7833274603 2.4127507210    0.722  1.783  3.7849  2.605    4  0.000  0.532     0.00     0.00 -1    -1e-30      0.00 7.549e-01 2.450e-01 2.768e-05 7.763e-06 6.945e-05 -1.000 1.642e-04 0.312 1.487 0.543 0.295 0.217 0.206 0.205
0.000156 -1.99852 10.11394 0.7833731771 2.4127676487    0.722  1.799  3.7757  2.553    4  0.000  0.532     0.00     0.00 -1    -1e-30      0.00 7.549e-01 2.450e-01 2.768e-05 7.763e-06 6.945e-05 -1.000 1.642e-04 0.273 1.482 0.538 0.260 0.165 0.144 0.139
0.000156 -1.99852 10.11394 0.7834116817 2.4127817154    0.722  1.825  3.7642  2.480    4  0.000  0.532     0.00     0.00 -1    -1e-30      0.00 7.549e-01 2.450e-01 2.768e-05 7.763e-06 6.945e-05 -1.000 1.642e-04 0.207 1.466 0.515 0.199 0.082 0.050 0.038
0.000156 -1.99852 10.11394 0.7834325433 2.4127893448    0.722  1.858  3.7534  2.405    4  0.000  0.532     0.00     0.00 -1    -1e-30      0.00 7.549e-01 2.450e-01 2.768e-05 7.763e-06 6.945e-05 -1.000 1.642e-04 0.125 1.439 0.475 0.123 -0.013 -0.057 -0.074
0.000156 -1.99852 10.11394 0.7834419608 2.4127929211    0.722  1.892  3.7445  2.335    4  0.000  0.532     0.00     0.00 -1    -1e-30      0.00 7.549e-01 2.450e-01 2.768e-05 7.763e-06 6.945e-05 -1.000 1.642e-04 0.040 1.406 0.425 0.043 -0.109 -0.162 -0.184
0.000156 -1.99852 10.11394 0.7834461331 2.4127943516    0.722  1.929  3.7368  2.267    4  0.000  0.532     0.00     0.00 -1    -1e-30      0.00 7.549e-01 2.450e-01 2.768e-05 7.763e-06 6.945e-05 -1.000 1.642e-04 -0.051 1.369 0.366 -0.044 -0.209 -0.271 -0.297
0.000156 -1.99852 10.11394 0.7834481597 2.4127950668    0.722  1.964  3.7309  2.209    4  0.000  0.532     0.00     0.00 -1    -1e-30      0.00 7.549e-01 2.450e-01 2.768e-05 7.763e-06 6.945e-05 -1.000 1.641e-04 -0.139 1.329 0.302 -0.128 -0.304 -0.372 -0.402
0.000156 -1.99852 10.11394 0.7834489346 2.4127953053    0.722  1.987  3.7277  2.173    7  0.000  0.532     0.00     0.00 -1    -1e-30      0.00 7.549e-01 2.450e-01 2.768e-05 7.763e-06 6.945e-05 -1.000 1.642e-04 -0.197 1.301 0.259 -0.183 -0.365 -0.436 -0.469
0.000156 -1.99852 10.11394 0.7834491730 2.4127955437    0.722  1.997  3.7266  2.158    7  0.000  0.532     0.00     0.00 -1    -1e-30      0.00 7.549e-01 2.450e-01 2.768e-05 7.763e-06 6.945e-05 -1.000 1.641e-04 -0.222 1.286 0.238 -0.208 -0.391 -0.464 -0.498
0.000156 -1.99852 10.11394 0.7834501266 2.4127957821    0.722  2.037  3.7224  2.101    7  0.000  0.532     0.00     0.00 -1    -1e-30      0.00 7.549e-01 2.450e-01 2.768e-05 7.763e-06 6.945e-05 -1.000 1.642e-04 -0.324 1.225 0.155 -0.306 -0.497 -0.574 -0.610
0.000156 -1.99852 10.11394 0.7834509611 2.4127960205    0.722  2.078  3.7188  2.046    7  0.000  0.532     0.00     0.00 -1    -1e-30      0.00 7.549e-01 2.450e-01 2.768e-05 7.763e-06 6.945e-05 -1.000 1.642e-04 -0.426 1.159 0.070 -0.404 -0.602 -0.683 -0.722
0.000156 -1.99852 10.11394 0.7834517956 2.4127964973    0.722  2.119  3.7155  1.992    7  0.000  0.532     0.00     0.00 -1    -1e-30      0.00 7.549e-01 2.450e-01 2.768e-05 7.763e-06 6.945e-05 -1.000 1.642e-04 -0.526 1.095 -0.015 -0.502 -0.706 -0.790 -0.832
0.000156 -1.99852 10.11394 0.7834525704 2.4127967358    0.722  2.155  3.7128  1.945    7  0.000  0.532     0.00     0.00 -1    -1e-30      0.00 7.549e-01 2.450e-01 2.768e-05 7.763e-06 6.945e-05 -1.000 1.641e-04 -0.618 1.037 -0.093 -0.591 -0.800 -0.888 -0.931
0.000156 -1.99852 10.11394 0.7834539413 2.4127972126    0.722  2.182  3.7111  1.911    7  0.000  0.532     0.00     0.00 -1    -1e-30      0.00 7.549e-01 2.450e-01 2.768e-05 7.763e-06 6.945e-05 -1.000 1.641e-04 -0.684 0.993 -0.150 -0.656 -0.868 -0.958 -1.002
0.000156 -1.99852 10.11394 0.7834564447 2.4127981663    0.722  2.154  3.7132  1.948    7  0.000  0.532     0.00     0.00 -1    -1e-30      0.00 7.549e-01 2.450e-01 2.768e-05 7.763e-06 6.945e-05 -1.000 1.642e-04 -0.615 1.035 -0.092 -0.589 -0.797 -0.884 -0.927
0.000156 -1.99852 10.11394 0.7834722996 2.4128038883    0.722  2.140  3.7139  1.965    7  0.000  0.532     0.00     0.00 -1    -1e-30      0.00 7.549e-01 2.450e-01 2.768e-05 7.763e-06 6.945e-05 -1.000 1.642e-04 -0.579 1.063 -0.059 -0.553 -0.760 -0.847 -0.889
0.000156 -1.99852 10.11394 0.7834871411 2.4128093719    0.722  2.166  3.7117  1.930    7  0.000  0.532     0.00     0.00 -1    -1e-30      0.00 7.549e-01 2.450e-01 2.768e-05 7.763e-06 6.945e-05 -1.000 1.641e-04 -0.644 1.024 -0.113 -0.616 -0.828 -0.916 -0.961
0.000156 -1.99852 10.11394 0.7835052013 2.4128160477    0.722  2.213  3.7083  1.869    7  0.000  0.532     0.00     0.00 -1    -1e-30      0.00 7.549e-01 2.450e-01 2.768e-05 7.763e-06 6.945e-05 -1.000 1.642e-04 -0.762 0.952 -0.213 -0.730 -0.948 -1.041 -1.088
0.000156 -1.99852 10.11394 0.7835224867 2.4128222466    0.722  2.254  3.7055  1.817    7  0.000  0.532     0.00     0.00 -1    -1e-30      0.00 7.549e-01 2.450e-01 2.768e-05 7.763e-06 6.945e-05 -1.000 1.642e-04 -0.865 0.888 -0.300 -0.830 -1.053 -1.149 -1.198
0.000156 -1.99852 10.11394 0.7835383415 2.4128282070    0.722  2.295  3.7029  1.766    7  0.000  0.532     0.00     0.00 -1    -1e-30      0.00 7.549e-01 2.450e-01 2.768e-05 7.763e-06 6.945e-05 -1.000 1.642e-04 -0.967 0.823 -0.388 -0.928 -1.157 -1.256 -1.307
0.000156 -1.99852 10.11394 0.7835526466 2.4128334522    0.722  2.336  3.7004  1.715    7  0.000  0.532     0.00     0.00 -1    -1e-30      0.00 7.549e-01 2.450e-01 2.767e-05 7.763e-06 6.945e-05 -1.000 1.641e-04 -1.069 0.758 -0.475 -1.027 -1.261 -1.363 -1.416
0.000156 -1.99852 10.11394 0.7835653424 2.4128379822    0.723  2.376  3.6979  1.664    7  0.000  0.531     0.00     0.00 -1    -1e-30      0.00 7.549e-01 2.450e-01 2.766e-05 7.765e-06 6.945e-05 -1.000 1.634e-04 -1.171 0.694 -0.563 -1.126 -1.365 -1.469 -1.524
0.000156 -1.99852 10.11394 0.7835764885 2.4128422737    0.723  2.417  3.6955  1.614    7  0.000  0.530     0.00     0.00 -1    -1e-30      0.00 7.549e-01 2.449e-01 2.761e-05 7.779e-06 6.945e-05 -1.000 1.638e-04 -1.273 0.631 -0.649 -1.224 -1.468 -1.575 -1.632
0.000156 -1.99852 10.11394 0.7835863233 2.4128458500    0.723  2.458  3.6931  1.564    7  0.000  0.526     0.00     0.00 -1    -1e-30      0.00 7.549e-01 2.449e-01 2.743e-05 7.886e-06 6.945e-05 -1.000 1.633e-04 -1.374 0.568 -0.736 -1.321 -1.570 -1.680 -1.739
0.000156 -1.99852 10.11394 0.7835952044 2.4128489494    0.723  2.498  3.6908  1.514    7  0.000  0.516     0.00     0.00 -1    -1e-30      0.00 7.549e-01 2.450e-01 2.695e-05 8.325e-06 6.945e-05 -1.000 1.641e-04 -1.476 0.505 -0.822 -1.419 -1.672 -1.786 -1.846
0.000156 -1.99852 10.11394 0.7836033106 2.4128520489    0.723  2.539  3.6884  1.464    7  0.000  0.502     0.00     0.00 -1    -1e-30      0.00 7.548e-01 2.450e-01 2.622e-05 9.151e-06 6.945e-05 -1.000 1.641e-04 -1.577 0.446 -0.906 -1.515 -1.774 -1.890 -1.952
0.000156 -1.99852 10.11394 0.7836107612 2.4128546715    0.723  2.579  3.6861  1.414    7  0.000  0.486     0.00     0.00 -1    -1e-30      0.00 7.547e-01 2.451e-01 2.543e-05 1.011e-05 6.945e-05 -1.000 1.642e-04 -1.677 0.390 -0.990 -1.610 -1.874 -1.994 -2.058
0.000156 -1.99852 10.11394 0.7836177349 2.4128572941    0.723  2.619  3.6838  1.365    7  0.000  0.473     0.00     0.00 -1    -1e-30      0.00 7.546e-01 2.452e-01 2.472e-05 1.098e-05 6.946e-05 -1.000 1.392e-04 -1.777 0.360 -1.069 -1.707 -1.976 -2.099 -2.165
0.000156 -1.99852 10.11394 0.7836242318 2.4128596783    0.723  2.659  3.6814  1.316    7  0.000  0.461     0.00     0.00 -1    -1e-30      0.00 7.545e-01 2.454e-01 2.411e-05 1.174e-05 6.946e-05 -1.000 1.248e-04 -1.877 0.339 -1.146 -1.804 -2.079 -2.205 -2.273
0.000156 -1.99852 10.11394 0.7836304903 2.4128620625    0.723  2.698  3.6791  1.267    7  0.000  0.450     0.00     0.00 -1    -1e-30      0.00 7.543e-01 2.456e-01 2.356e-05 1.241e-05 6.947e-05 -1.000 1.642e-04 -1.976 0.325 -1.221 -1.901 -2.182 -2.310 -2.380
0.000156 -1.99852 10.11394 0.7836364508 2.4128642082    0.723  2.738  3.6767  1.217    7  0.000  0.441     0.00     0.00 -1    -1e-30      0.00 7.541e-01 2.457e-01 2.309e-05 1.299e-05 6.946e-05 -1.000 1.642e-04 -2.076 0.320 -1.293 -1.996 -2.284 -2.415 -2.488
0.000156 -1.99852 10.11394 0.7836421728 2.4128663540    0.723  2.779  3.6743  1.167    7  0.000  0.433     0.00     0.00 -1    -1e-30      0.00 7.539e-01 2.460e-01 2.267e-05 1.350e-05 6.944e-05 -1.000 1.641e-04 -2.178 0.323 -1.364 -2.093 -2.388 -2.523 -2.597
0.000156 -1.99852 10.11394 0.7836471200 2.4128680229    0.723  2.820  3.6718  1.116    7  0.000  0.426     0.00     0.00 -1    -1e-30      0.00 7.536e-01 2.462e-01 2.230e-05 1.396e-05 6.941e-05 -1.000 1.641e-04 -2.280 0.333 -1.433 -2.190 -2.493 -2.631 -2.708
0.000156 -1.99852 10.11394 0.7836512923 2.4128696918    0.723  2.861  3.6693  1.065    7  0.000  0.421     0.00     0.00 -1    -1e-30      0.00 7.534e-01 2.464e-01 2.199e-05 1.435e-05 6.934e-05 -1.000 1.641e-04 -2.381 0.355 -1.499 -2.285 -2.597 -2.739 -2.818
0.000156 -1.99852 10.11394 0.7836548090 2.4128708839    0.723  2.902  3.6667  1.014    7  0.000  0.416     0.00     0.00 -1    -1e-30      0.00 7.532e-01 2.466e-01 2.173e-05 1.471e-05 6.925e-05 -1.000 1.471e-04 -2.484 0.387 -1.561 -2.381 -2.702 -2.848 -2.929
0.000156 -1.99852 10.11394 0.7836580276 2.4128720760    0.723  2.942  3.6642  0.964    7  0.000  0.413     0.00     0.00 -1    -1e-30      0.00 7.530e-01 2.469e-01 2.150e-05 1.504e-05 6.911e-05 -1.000 1.126e-04 -2.585 0.435 -1.616 -2.473 -2.805 -2.955 -3.039
0.000156 -1.99852 10.11394 0.7836613059 2.4128732681    0.723  2.985  3.6614  0.910    7  0.000  0.410     0.00     0.00 -1    -1e-30      0.00 7.528e-01 2.471e-01 2.132e-05 1.534e-05 6.896e-05 -1.000 1.641e-04 -2.692 0.503 -1.667 -2.569 -2.913 -3.069 -3.155
0.000156 -1.99852 10.11394 0.7836642861 2.4128744602    0.723  3.028  3.6587  0.856    7  0.000  0.409     0.00     0.00 -1    -1e-30      0.00 7.525e-01 2.473e-01 2.117e-05 1.562e-05 6.879e-05 -1.000 1.640e-04 -2.799 0.583 -1.713 -2.663 -3.022 -3.183 -3.272
0.000156 -1.99852 10.11394 0.7836656570 2.4128749371    0.723  3.051  3.6572  0.826    7  0.000  0.408     0.00     0.00 -1    -1e-30      0.00 7.524e-01 2.474e-01 2.110e-05 1.577e-05 6.870e-05 -1.000 1.641e-04 -2.858 0.609 -1.742 -2.713 -3.079 -3.243 -3.334
0.000156 -1.99852 10.11394 0.7836661339 2.4128749371    0.723  3.056  3.6568  0.820    7  0.000  0.408     0.00     0.00 -1    -1e-30      0.00 7.524e-01 2.475e-01 2.108e-05 1.582e-05 6.867e-05 -1.000 1.642e-04 -2.871 0.611 -1.749 -2.725 -3.092 -3.257 -3.348
0.000156 -1.99852 10.11394 0.7836661935 2.4128751755    0.723  3.054  3.6569  0.822    7  0.000  0.408     0.00     0.00 -1    -1e-30      0.00 7.524e-01 2.475e-01 2.108e-05 1.582e-05 6.867e-05 -1.000 1.642e-04 -2.866 0.610 -1.746 -2.720 -3.087 -3.252 -3.343
0.000156 -1.99852 10.11394 0.7836662531 2.4128751755    0.723  3.054  3.6570  0.823    7  0.000  0.408     0.00     0.00 -1    -1e-30      0.00 7.524e-01 2.475e-01 2.108e-05 1.583e-05 6.866e-05 -1.000 1.641e-04 -2.864 0.610 -1.745 -2.719 -3.085 -3.250 -3.341
0.000156 -1.99852 10.11394 0.7836663723 2.4128751755    0.723  3.058  3.6567  0.818    7  0.000  0.408     0.00     0.00 -1    -1e-30      0.00 7.524e-01 2.475e-01 2.107e-05 1.584e-05 6.866e-05 -1.000 1.642e-04 -2.875 0.611 -1.751 -2.728 -3.096 -3.261 -3.352
0.000156 -1.99852 10.11394 0.7836664319 2.4128751755    0.723  3.062  3.6565  0.813    7  0.000  0.408     0.00     0.00 -1    -1e-30      0.00 7.524e-01 2.475e-01 2.107e-05 1.584e-05 6.865e-05 -1.000 1.642e-04 -2.884 0.612 -1.757 -2.736 -3.105 -3.270 -3.362
0.000156 -1.99852 10.11394 0.7836666107 2.4128751755    0.723  3.067  3.6562  0.807    7  0.000  0.407     0.00     0.00 -1    -1e-30      0.00 7.524e-01 2.475e-01 2.106e-05 1.586e-05 6.864e-05 -1.000 1.642e-04 -2.897 0.614 -1.764 -2.747 -3.117 -3.283 -3.375
0.000156 -1.99852 10.11394 0.7836667895 2.4128751755    0.723  3.081  3.6553  0.789    7  0.000  0.407     0.00     0.00 -1    -1e-30      0.00 7.521e-01 2.477e-01 2.099e-05 1.611e-05 6.846e-05 -1.000 1.641e-04 -2.933 0.618 -1.784 -2.778 -3.153 -3.320 -3.413
0.000156 -1.99852 10.11394 0.7836671472 2.4128754139    0.723  3.130  3.6519  0.726    7  0.000  0.406     0.00     0.00 -1    -1e-30      0.00 7.519e-01 2.480e-01 2.085e-05 1.652e-05 6.817e-05 -1.000 1.642e-04 -3.056 0.646 -1.848 -2.882 -3.270 -3.445 -3.542
0.000156 -1.99852 10.11394 0.7836676836 2.4128756523    0.723  3.197  3.6471  0.640    7  0.523  0.404     0.00     0.00 -1    -1e-30      0.00 7.513e-01 2.485e-01 2.054e-05 1.744e-05 6.752e-05 -1.000 1.642e-04 -3.223 0.691 -1.930 -3.020 -3.430 -3.614 -3.716
0.000156 -1.99852 10.11394 0.7836679816 2.4128756523    0.723  3.205  3.6466  0.630    7  0.519  0.404     0.00     0.00 -1    -1e-30      0.00 7.512e-01 2.486e-01 2.048e-05 1.762e-05 6.739e-05 -1.000 1.641e-04 -3.243 0.696 -1.940 -3.036 -3.448 -3.633 -3.736
0.000156 -1.99852 10.11394 0.7836680412 2.4128756523    0.723  3.205  3.6432  0.617    8  0.519  0.418    44.50    23.79  1 -3.62e-07      0.00 7.512e-01 2.486e-01 2.145e-05 1.763e-05 6.815e-05 -1.000 1.811e-04 -3.243 0.802 -1.893 -3.017 -3.440 -3.631 -3.737
0.000156 -1.99852 10.11394 0.7836681008 2.4128756523    0.721  2.976  3.6589  0.908    8  0.519  0.420    23.75    13.81  1 -1.48e-07      0.00 7.512e-01 2.486e-01 2.145e-05 1.763e-05 6.815e-05 -1.000 1.811e-04 -2.669 0.660 -1.600 -2.535 -2.890 -3.049 -3.138
0.000156 -1.99852 10.11394 0.7836682200 2.4128758907    0.719  2.817  3.6695  1.108    8  0.519  0.420    15.43     9.50  1 -8.49e-08      0.00 7.512e-01 2.486e-01 2.145e-05 1.763e-05 6.815e-05 -1.000 1.811e-04 -2.272 0.434 -1.397 -2.177 -2.487 -2.628 -2.707
0.000156 -1.99852 10.11394 0.7836683989 2.4128758907    0.714  2.607  3.6837  1.372    8  0.519  0.420     8.74     5.79  1 -4.39e-08      0.00 7.512e-01 2.486e-01 2.145e-05 1.763e-05 6.815e-05 -1.000 1.811e-04 -1.746 0.391 -1.038 -1.677 -1.946 -2.068 -2.135
0.000156 -1.99852 10.11394 0.7836686969 2.4128758907    0.707  2.611  3.6832  1.361    8  0.519  0.420     8.95     5.88  1 -4.49e-08      0.00 7.512e-01 2.486e-01 2.145e-05 1.763e-05 6.815e-05 -1.000 1.811e-04 -1.758 0.395 -1.045 -1.688 -1.959 -2.081 -2.148
0.000156 -1.99852 10.11394 0.7836690545 2.4128761292    0.698  2.695  3.6773  1.248    8  0.520  0.420    11.43     7.22  1  -5.9e-08      0.00 7.512e-01 2.486e-01 2.145e-05 1.763e-05 6.815e-05 -1.000 1.811e-04 -1.969 0.398 -1.194 -1.890 -2.176 -2.306 -2.378
0.000156 -1.99852 10.11394 0.7836694717 2.4128763676    0.688  2.884  3.6643  1.001    8  0.520  0.420    19.49    11.36  1 -1.12e-07      0.00 7.512e-01 2.486e-01 2.145e-05 1.763e-05 6.815e-05 -1.000 1.811e-04 -2.440 0.550 -1.479 -2.329 -2.658 -2.808 -2.891
0.000156 -1.99852 10.11394 0.7836700082 2.4128763676    0.677  3.053  3.6525  0.777    8  0.520  0.420    31.65    17.10  1 -2.15e-07      0.00 7.512e-01 2.486e-01 2.145e-05 1.763e-05 6.815e-05 -1.000 1.811e-04 -2.863 0.776 -1.677 -2.694 -3.077 -3.250 -3.346
0.000156 -1.99852 10.11394 0.7836706042 2.4128766060    0.664  3.166  3.6446  0.625    8  0.520  0.420    44.10    22.50  1 -3.47e-07      0.00 7.512e-01 2.486e-01 2.145e-05 1.763e-05 6.815e-05 -1.000 1.811e-04 -3.144 0.856 -1.814 -2.926 -3.344 -3.533 -3.638
0.000156 -1.99852 10.11394 0.7836712003 2.4128768444    0.649  3.227  3.6401  0.536    8  0.521  0.420    53.59    26.22  1 -4.64e-07      0.00 7.512e-01 2.486e-01 2.145e-05 1.763e-05 6.815e-05 -1.000 1.812e-04 -3.297 0.920 -1.877 -3.047 -3.488 -3.686 -3.796
0.000156 -1.99852 10.11394 0.7836719751 2.4128770828    0.633  3.256  3.6377  0.487    8  0.521  0.420    59.97    28.33  1 -5.46e-07      0.00 7.512e-01 2.486e-01 2.145e-05 1.763e-05 6.815e-05 -1.000 1.812e-04 -3.370 0.968 -1.898 -3.101 -3.554 -3.758 -3.872
0.000156 -1.99852 10.11394 0.7836727500 2.4128775597    0.617  3.272  3.6362  0.453    8  0.522  0.420    65.08    29.65  1 -6.11e-07      0.00 7.512e-01 2.486e-01 2.145e-05 1.763e-05 6.815e-05 -1.000 1.811e-04 -3.410 1.007 -1.901 -3.127 -3.590 -3.798 -3.914
0.000156 -1.99852 10.11394 0.7836763859 2.4128787518    0.523 -9.999  4.0000  1.898    9  0.524  0.000     0.00     0.00 -1    -1e-30      0.00 7.512e-01 2.486e-01 2.145e-05 1.763e-05 6.815e-05 -1.000 1.812e-04 29.767 30.595 29.965 30.209 30.435 30.539 30.615
#isochrone terminated
