# Errors in g, r, i, z and Y bands. First column is the magnitude. Results from fitting Y6 Gold v1.1 catalog.
15 3.175597972065213e-05 5.1996931878200726e-05 9.387875696830974e-05 0.00013831342216381594 0.00013831342216381594
16 7.508022500873474e-05 0.00011646384722930616 0.00020299991189374602 0.0003062697675795605 0.0003062697675795605
17 0.00017751114079772053 0.00026085823185151595 0.0004389594148842361 0.0006781783652358884 0.0006781783652358884
18 0.00041968714270158755 0.000584275882546806 0.0009491894164780037 0.001501701910406635 0.001501701910406635
19 0.0009922605249308642 0.0013086736979807726 0.0020524916832948153 0.0033252441294474955 0.0033252441294474955
20 0.0023459878780135663 0.0029311955172982387 0.004438231228521088 0.007363144738512665 0.007363144738512665
21 0.005546586793997537 0.006565354812193623 0.009597065166275972 0.016304336863619984 0.016304336863619984
22 0.01311371868187032 0.014705223024400626 0.020752334671945098 0.03610297094554938 0.03610297094554938
23 0.031004584270337004 0.032937075052781616 0.04487407211214414 0.0799434237649693 0.0799434237649693
24 0.07330371110563792 0.07377316965764187 0.09703401471489317 0.1770200854911445 0.1770200854911445
25 0.17331095347083064 0.1652387333305597 0.2098227232010448 0.3919785917528265 0.3919785917528265
26 0.4097566977159257 0.3701052715966573 0.45371280680139536 0.8679648750944439 0.8679648750944439

