# Zini     MH   logAge Mini        int_IMF         Mass   logL    logTe  logg  label   McoreTP C_O  period0  period1  period2  period3  period4  pmode  Mloss  tau1m   X   Y   Xc  Xn  Xo  Cexcess  Z    mbolmag  umag    gmag    rmag    imag    zmag    Ymag
0.00015547 -2.00000 10.13000 0.0936335474 1.1156111956    0.094 -3.046  3.5140  5.463    1  0.000  0.545     0.00     0.00     0.00     0.00     0.00 -1 -3.01e-17      0.00 7.469e-01 2.529e-01 2.943e-05 7.939e-06 7.201e-05 -1.000 1.637e-04 12.384 17.299 15.007 13.196 12.113 11.729 11.626
0.00015547 -2.00000 10.13000 0.1035686582 1.2002434731    0.103 -2.749  3.5554  5.374    1  0.000  0.545     0.00     0.00     0.00     0.00     0.00 -1 -1.43e-16      0.00 7.441e-01 2.557e-01 2.943e-05 7.939e-06 7.201e-05 -1.000 1.637e-04 11.642 15.903 13.639 12.069 11.389 11.084 10.985
0.00015547 -2.00000 10.13000 0.1213914230 1.3284173012    0.121 -2.499  3.5804  5.294    1  0.000  0.545     0.00     0.00     0.00     0.00     0.00 -1 -2.58e-16      0.00 7.409e-01 2.589e-01 2.943e-05 7.940e-06 7.201e-05 -1.000 1.637e-04 11.018 14.718 12.670 11.289 10.767 10.503 10.411
0.00015547 -2.00000 10.13000 0.1234388798 1.3415665627    0.123 -2.473  3.5831  5.286    1  0.000  0.545     0.00     0.00     0.00     0.00     0.00 -1 -2.75e-16      0.00 7.406e-01 2.593e-01 2.943e-05 7.940e-06 7.201e-05 -1.000 1.636e-04 10.952 14.591 12.571 11.212 10.701 10.441 10.350
0.00015547 -2.00000 10.13000 0.1433091164 1.4560320377    0.143 -2.295  3.5966  5.227    1  0.000  0.545     0.00     0.00     0.00     0.00     0.00 -1 -2.54e-16      0.00 7.383e-01 2.615e-01 2.943e-05 7.940e-06 7.201e-05 -1.000 1.637e-04 10.507 13.846 11.964 10.716 10.255 10.015 9.931
0.00015547 -2.00000 10.13000 0.1631793380 1.5515257120    0.163 -2.156  3.6053  5.179    1  0.000  0.545     0.00     0.00     0.00     0.00     0.00 -1  -5.6e-16      0.00 7.371e-01 2.627e-01 2.943e-05 7.940e-06 7.201e-05 -1.000 1.636e-04 10.160 13.319 11.519 10.341 9.906 9.678 9.599
0.00015547 -2.00000 10.13000 0.2029198259 1.7036917210    0.203 -1.942  3.6169  5.106    1  0.000  0.545     0.00     0.00     0.00     0.00     0.00 -1 -8.92e-16      0.00 7.366e-01 2.633e-01 2.943e-05 7.940e-06 7.201e-05 -1.000 1.636e-04 9.625 12.556 10.862 9.770 9.367 9.157 9.083
0.00015547 -2.00000 10.13000 0.2525954247 1.8468697071    0.252 -1.747  3.6276  5.049    1  0.000  0.545     0.00     0.00     0.00     0.00     0.00 -1 -7.08e-16      0.00 7.369e-01 2.630e-01 2.943e-05 7.940e-06 7.201e-05 -1.000 1.637e-04 9.137 11.872 10.268 9.250 8.875 8.680 8.613
0.00015547 -2.00000 10.13000 0.3022710085 1.9574397802    0.302 -1.597  3.6365  5.013    1  0.000  0.545     0.00     0.00     0.00     0.00     0.00 -1 -1.55e-15      0.00 7.369e-01 2.630e-01 2.942e-05 7.941e-06 7.201e-05 -1.000 1.637e-04 8.762 11.343 9.809 8.849 8.496 8.314 8.251
0.00015547 -2.00000 10.13000 0.3321362138 2.0131282806    0.332 -1.519  3.6416  4.996    1  0.000  0.544     0.00     0.00     0.00     0.00     0.00 -1 -1.95e-15      0.00 7.369e-01 2.629e-01 2.940e-05 7.942e-06 7.201e-05 -1.000 1.637e-04 8.568 11.065 9.570 8.641 8.300 8.125 8.066
0.00015547 -2.00000 10.13000 0.3519465625 2.0465965271    0.352 -1.471  3.6447  4.987    1  0.000  0.544     0.00     0.00     0.00     0.00     0.00 -1 -2.15e-15      0.00 7.369e-01 2.629e-01 2.939e-05 7.943e-06 7.201e-05 -1.000 1.637e-04 8.449 10.896 9.425 8.514 8.180 8.010 7.951
0.00015547 -2.00000 10.13000 0.3581980169 2.0566530228    0.358 -1.454  3.6459  4.982    1  0.000  0.544     0.00     0.00     0.00     0.00     0.00 -1 -2.11e-15      0.00 7.387e-01 2.611e-01 2.940e-05 7.942e-06 7.201e-05 -1.000 1.637e-04 8.406 10.834 9.372 8.468 8.137 7.968 7.911
0.00015547 -2.00000 10.13000 0.4016221464 2.1207315922    0.401 -1.344  3.6537  4.953    1  0.000  0.545     0.00     0.00     0.00     0.00     0.00 -1 -2.67e-15      0.00 7.501e-01 2.497e-01 2.943e-05 7.939e-06 7.201e-05 -1.000 1.637e-04 8.130 10.433 9.033 8.173 7.859 7.702 7.648
0.00015547 -2.00000 10.13000 0.4512977004 2.1838121414    0.451 -1.189  3.6687  4.908    1  0.000  0.545     0.00     0.00     0.00     0.00     0.00 -1 -4.26e-15      0.00 7.507e-01 2.491e-01 2.943e-05 7.939e-06 7.201e-05 -1.000 1.637e-04 7.742 9.809 8.531 7.752 7.470 7.333 7.288
0.00015547 -2.00000 10.13000 0.5009732842 2.2384552956    0.501 -1.014  3.6861  4.849    1  0.000  0.545     0.00     0.00     0.00     0.00     0.00 -1 -6.46e-15      0.00 7.515e-01 2.484e-01 2.938e-05 7.926e-06 7.188e-05 -1.000 1.636e-04 7.306 9.113 7.979 7.287 7.040 6.925 6.889
0.00015547 -2.00000 10.13000 0.5506489277 2.2841949463    0.550 -0.802  3.7069  4.761    1  0.000  0.544     0.00     0.00     0.00     0.00     0.00 -1 -1.11e-14      0.00 7.891e-01 2.108e-01 2.520e-05 6.803e-06 6.173e-05 -1.000 9.984e-05 6.776 8.301 7.335 6.735 6.526 6.436 6.411
0.00015547 -2.00000 10.13000 0.5662440062 2.2966649532    0.566 -0.732  3.7154  4.737    1  0.000  0.544     0.00     0.00     0.00     0.00     0.00 -1 -1.32e-14      0.00 7.936e-01 2.063e-01 2.472e-05 6.675e-06 6.059e-05 -1.000 1.206e-04 6.601 8.024 7.120 6.555 6.361 6.281 6.260
0.00015547 -2.00000 10.13000 0.6003244519 2.3213412762    0.600 -0.585  3.7334  4.687    1  0.000  0.543     0.00     0.00     0.00     0.00     0.00 -1 -1.91e-14      0.00 8.031e-01 1.967e-01 2.370e-05 6.404e-06 5.814e-05 -1.000 1.636e-04 6.232 7.462 6.676 6.181 6.018 5.959 5.946
0.00015547 -2.00000 10.13000 0.6076751947 2.3262479305    0.607 -0.551  3.7379  4.676    1  0.000  0.543     0.00     0.00     0.00     0.00     0.00 -1 -2.08e-14      0.00 8.057e-01 1.941e-01 2.343e-05 6.332e-06 5.750e-05 -1.000 1.574e-04 6.146 7.333 6.574 6.096 5.940 5.885 5.875
0.00015547 -2.00000 10.13000 0.6169828176 2.3322684765    0.617 -0.507  3.7436  4.661    1  0.000  0.543     0.00     0.00     0.00     0.00     0.00 -1 -3.67e-18      0.00 8.091e-01 1.907e-01 2.308e-05 6.237e-06 5.665e-05 -1.000 1.467e-04 6.037 7.173 6.445 5.988 5.841 5.793 5.785
0.00015547 -2.00000 10.13000 0.6279461980 2.3390974998    0.628 -0.454  3.7502  4.643    1  0.000  0.543     0.00     0.00     0.00     0.00     0.00 -1 -2.38e-21      0.00 8.134e-01 1.865e-01 2.263e-05 6.120e-06 5.559e-05 -1.000 1.160e-04 5.906 6.986 6.293 5.861 5.725 5.684 5.679
0.00015547 -2.00000 10.13000 0.6376641989 2.3449254036    0.637 -0.407  3.7560  4.626    1  0.000  0.543     0.00     0.00     0.00     0.00     0.00 -1 -3.62e-18      0.00 8.173e-01 1.826e-01 2.222e-05 6.010e-06 5.461e-05 -1.000 1.054e-04 5.789 6.822 6.158 5.748 5.622 5.587 5.584
0.00015547 -2.00000 10.13000 0.6470030546 2.3503367901    0.647 -0.362  3.7614  4.608    1  0.000  0.542     0.00     0.00     0.00     0.00     0.00 -1 -3.81e-15      0.00 8.213e-01 1.786e-01 2.181e-05 5.900e-06 5.362e-05 -1.000 9.108e-05 5.674 6.666 6.028 5.638 5.521 5.492 5.491
0.00015547 -2.00000 10.13000 0.6499999762 2.3520355225    0.650 -0.347  3.7631  4.602    1  0.000  0.542     0.00     0.00     0.00     0.00     0.00 -1  -2.8e-14      0.00 8.226e-01 1.773e-01 2.168e-05 5.864e-06 5.330e-05 -1.000 1.328e-04 5.637 6.617 5.986 5.603 5.488 5.461 5.460
0.00015547 -2.00000 10.13000 0.6565591097 2.3556909561    0.656 -0.313  3.7668  4.588    1  0.000  0.542     0.00     0.00     0.00     0.00     0.00 -1    -2e-14      0.00 8.262e-01 1.737e-01 2.130e-05 5.765e-06 5.241e-05 -1.000 1.146e-04 5.554 6.510 5.894 5.524 5.415 5.391 5.392
0.00015547 -2.00000 10.13000 0.6655251980 2.3605544567    0.665 -0.267  3.7717  4.567    1  0.000  0.542     0.00     0.00     0.00     0.00     0.00 -1 -1.25e-15      0.00 8.313e-01 1.685e-01 2.077e-05 5.622e-06 5.112e-05 -1.000 1.323e-04 5.437 6.362 5.765 5.413 5.312 5.292 5.295
0.00015547 -2.00000 10.13000 0.6734821796 2.3647458553    0.673 -0.224  3.7761  4.546    1  0.000  0.541     0.00     0.00     0.00     0.00     0.00 -1 -2.19e-21      0.00 8.362e-01 1.637e-01 2.026e-05 5.487e-06 4.992e-05 -1.000 1.170e-04 5.330 6.229 5.648 5.311 5.217 5.201 5.206
0.00015547 -2.00000 10.13000 0.6811916828 2.3686997890    0.681 -0.181  3.7802  4.525    1  0.000  0.541     0.00     0.00     0.00     0.00     0.00 -1 -4.16e-20      0.00 8.412e-01 1.587e-01 1.975e-05 5.351e-06 4.869e-05 -1.000 1.253e-04 5.222 6.097 5.531 5.209 5.121 5.109 5.115
0.00015547 -2.00000 10.13000 0.6903172135 2.3732488155    0.690 -0.128  3.7851  4.497    1  0.000  0.540     0.00     0.00     0.00     0.00     0.00 -1 -4.63e-17      0.00 8.473e-01 1.526e-01 1.911e-05 5.181e-06 4.717e-05 -1.000 1.480e-04 5.089 5.939 5.387 5.082 5.002 4.995 5.003
0.00015547 -2.00000 10.13000 0.6987196207 2.3773167133    0.698 -0.075  3.7896  4.468    1  0.000  0.540     0.00     0.00     0.00     0.00     0.00 -1 -2.84e-14      0.00 8.531e-01 1.468e-01 1.851e-05 5.020e-06 4.573e-05 -1.000 1.289e-04 4.959 5.786 5.246 4.957 4.884 4.882 4.891
0.00015547 -2.00000 10.13000 0.6999999881 2.3779268265    0.700 -0.067  3.7903  4.463    1  0.000  0.539     0.00     0.00     0.00     0.00     0.00 -1 -7.52e-14      0.00 8.540e-01 1.459e-01 1.841e-05 4.995e-06 4.551e-05 -1.000 1.174e-04 4.938 5.762 5.223 4.937 4.866 4.864 4.874
0.00015547 -2.00000 10.13000 0.7028277516 2.3792650700    0.702 -0.049  3.7917  4.452    1  0.000  0.539     0.00     0.00     0.00     0.00     0.00 -1 -7.92e-14      0.00 8.555e-01 1.444e-01 1.826e-05 4.958e-06 4.518e-05 -1.000 9.048e-05 4.893 5.710 5.175 4.893 4.824 4.824 4.834
0.00015547 -2.00000 10.13000 0.7097824216 2.3825042248    0.709 -0.002  3.7951  4.423    1  0.000  0.537     0.00     0.00     0.00     0.00     0.00 -1 -9.08e-14      0.00 8.589e-01 1.410e-01 1.793e-05 4.881e-06 4.451e-05 -1.000 6.948e-05 4.774 5.576 5.048 4.779 4.715 4.719 4.730
0.00015547 -2.00000 10.13000 0.7165197134 2.3855733871    0.716  0.047  3.7984  4.391    1  0.000  0.536     0.00     0.00     0.00     0.00     0.00 -1    -7e-14      0.00 8.618e-01 1.381e-01 1.767e-05 4.819e-06 4.398e-05 -1.000 1.520e-04 4.652 5.439 4.917 4.660 4.601 4.608 4.620
0.00015547 -2.00000 10.13000 0.7232570648 2.3885767460    0.723  0.100  3.8014  4.355    1  0.000  0.534     0.00     0.00     0.00     0.00     0.00 -1 -3.03e-22      0.00 8.644e-01 1.354e-01 1.743e-05 4.766e-06 4.352e-05 -1.000 1.260e-04 4.520 5.294 4.777 4.531 4.477 4.487 4.500
0.00015547 -2.00000 10.13000 0.7310414314 2.3919677734    0.730  0.167  3.8047  4.305    1  0.000  0.532     0.00     0.00     0.00     0.00     0.00 -1 -6.78e-20      0.00 8.671e-01 1.328e-01 1.719e-05 4.714e-06 4.307e-05 -1.000 1.100e-04 4.353 5.113 4.600 4.366 4.319 4.332 4.346
0.00015547 -2.00000 10.13000 0.7383168340 2.3950629234    0.738  0.236  3.8074  4.251    1  0.000  0.531     0.00     0.00     0.00     0.00     0.00 -1  -2.3e-17      0.00 8.689e-01 1.310e-01 1.705e-05 4.684e-06 4.283e-05 -1.000 8.997e-05 4.180 4.929 4.419 4.195 4.152 4.168 4.183
0.00015547 -2.00000 10.13000 0.7434346080 2.3971984386    0.743  0.289  3.8088  4.207    1  0.000  0.530     0.00     0.00     0.00     0.00     0.00 -1 -1.41e-15      0.00 8.699e-01 1.300e-01 1.697e-05 4.670e-06 4.272e-05 -1.000 1.001e-04 4.047 4.790 4.281 4.062 4.022 4.039 4.054
0.00015547 -2.00000 10.13000 0.7478771210 2.3990249634    0.747  0.340  3.8094  4.161    1  0.000  0.529     0.00     0.00     0.00     0.00     0.00 -1 -5.09e-14      0.00 8.703e-01 1.296e-01 1.696e-05 4.671e-06 4.274e-05 -1.000 9.999e-05 3.921 4.661 4.151 3.936 3.898 3.915 3.930
0.00015547 -2.00000 10.13000 0.7489115596 2.3994467258    0.748  0.352  3.8094  4.150    1  0.000  0.529     0.00     0.00     0.00     0.00     0.00 -1 -1.18e-13      0.00 8.703e-01 1.296e-01 1.695e-05 4.672e-06 4.275e-05 -1.000 9.996e-05 3.891 4.630 4.120 3.906 3.867 3.885 3.900
0.00015547 -2.00000 10.13000 0.7500000000 2.3998889923    0.749  0.366  3.8092  4.136    1  0.000  0.529     0.00     0.00     0.00     0.00     0.00 -1 -2.87e-13      0.00 8.704e-01 1.295e-01 1.695e-05 4.673e-06 4.277e-05 -1.000 1.000e-04 3.856 4.595 4.085 3.871 3.832 3.849 3.864
0.00015547 -2.00000 10.13000 0.7503752708 2.4000411034    0.749  0.370  3.8092  4.131    1  0.000  0.529     0.00     0.00     0.00     0.00     0.00 -1 -2.92e-13      0.00 8.703e-01 1.296e-01 1.697e-05 4.677e-06 4.280e-05 -1.000 1.001e-04 3.844 4.584 4.073 3.859 3.820 3.837 3.852
0.00015547 -2.00000 10.13000 0.7544021606 2.4016628265    0.753  0.426  3.8075  4.072    1  0.000  0.529     0.00     0.00     0.00     0.00     0.00 -1 -3.52e-13      0.00 8.692e-01 1.307e-01 1.712e-05 4.720e-06 4.319e-05 -1.000 9.999e-05 3.706 4.450 3.936 3.718 3.677 3.693 3.707
0.00015547 -2.00000 10.13000 0.7572206259 2.4027862549    0.756  0.470  3.8049  4.018    1  0.000  0.528     0.00     0.00     0.00     0.00     0.00 -1 -4.14e-13      0.00 8.684e-01 1.315e-01 1.723e-05 4.749e-06 4.346e-05 -1.000 9.999e-05 3.595 4.348 3.830 3.604 3.560 3.573 3.587
0.00015547 -2.00000 10.13000 0.7578216791 2.4030244350    0.757  0.480  3.8041  4.005    1  0.000  0.528     0.00     0.00     0.00     0.00     0.00 -1 -4.32e-13      0.00 8.682e-01 1.317e-01 1.725e-05 4.755e-06 4.352e-05 -1.000 9.991e-05 3.570 4.325 3.806 3.578 3.533 3.545 3.558
0.00015547 -2.00000 10.13000 0.7583974600 2.4032523632    0.757  0.491  3.8030  3.990    1  0.000  0.528     0.00     0.00     0.00     0.00     0.00 -1  -4.5e-13      0.00 8.681e-01 1.318e-01 1.727e-05 4.761e-06 4.357e-05 -1.000 1.000e-04 3.543 4.302 3.781 3.550 3.503 3.514 3.527
0.00015547 -2.00000 10.13000 0.7603356242 2.4040164948    0.759  0.531  3.7981  3.932    2  0.000  0.528     0.00     0.00     0.00     0.00     0.00 -1 -5.25e-13      0.00 8.675e-01 1.324e-01 1.735e-05 4.782e-06 4.376e-05 -1.000 9.991e-05 3.444 4.220 3.692 3.445 3.391 3.398 3.409
0.00015547 -2.00000 10.13000 0.7618201971 2.4045989513    0.760  0.566  3.7919  3.872    2  0.000  0.528     0.00     0.00     0.00     0.00     0.00 -1  -6.1e-13      0.00 8.671e-01 1.328e-01 1.740e-05 4.797e-06 4.390e-05 -1.000 9.987e-05 3.354 4.155 3.616 3.350 3.287 3.287 3.296
0.00015547 -2.00000 10.13000 0.7629840374 2.4050536156    0.762  0.599  3.7847  3.811    2  0.000  0.529     0.00     0.00     0.00     0.00     0.00 -1 -7.05e-13      0.00 8.662e-01 1.336e-01 1.753e-05 4.833e-06 4.423e-05 -1.000 1.248e-04 3.272 4.105 3.551 3.262 3.187 3.181 3.187
0.00015547 -2.00000 10.13000 0.7639229894 2.4054191113    0.762  0.629  3.7770  3.751    2  0.000  0.529     0.00     0.00     0.00     0.00     0.00 -1  -8.1e-13      0.00 8.558e-01 1.441e-01 1.874e-05 5.161e-06 4.720e-05 -1.000 1.200e-04 3.197 4.067 3.495 3.181 3.094 3.080 3.083
0.00015547 -2.00000 10.13000 0.7647111416 2.4057252407    0.763  0.658  3.7696  3.694    2  0.000  0.531     0.00     0.00     0.00     0.00     0.00 -1 -9.22e-13      0.00 8.325e-01 1.674e-01 2.112e-05 5.806e-06 5.302e-05 -1.000 1.225e-04 3.126 4.035 3.443 3.105 3.007 2.985 2.986
0.00015547 -2.00000 10.13000 0.7654067278 2.4059948921    0.764  0.687  3.7625  3.636    2  0.000  0.533     0.00     0.00     0.00     0.00     0.00 -1 -1.06e-12      0.00 8.078e-01 1.921e-01 2.351e-05 6.447e-06 5.876e-05 -1.000 1.068e-04 3.053 4.003 3.390 3.028 2.918 2.890 2.888
0.00015547 -2.00000 10.13000 0.7660240531 2.4062337875    0.764  0.720  3.7561  3.578    2  0.000  0.535     0.00     0.00     0.00     0.00     0.00 -1 -1.21e-12      0.00 7.921e-01 2.078e-01 2.499e-05 6.844e-06 6.230e-05 -1.000 1.101e-04 2.971 3.963 3.328 2.944 2.824 2.789 2.784
0.00015547 -2.00000 10.13000 0.7666356564 2.4064698219    0.765  0.761  3.7504  3.514    2  0.000  0.536     0.00     0.00     0.00     0.00     0.00 -1 -1.44e-12      0.00 7.822e-01 2.176e-01 2.593e-05 7.095e-06 6.454e-05 -1.000 1.601e-04 2.868 3.896 3.242 2.838 2.710 2.669 2.662
0.00015547 -2.00000 10.13000 0.7671185732 2.4066560268    0.765  0.801  3.7467  3.460    2  0.000  0.536     0.00     0.00     0.00     0.00     0.00 -1 -1.67e-12      0.00 7.772e-01 2.226e-01 2.641e-05 7.223e-06 6.568e-05 -1.000 1.636e-04 2.769 3.824 3.155 2.738 2.604 2.559 2.550
0.00015547 -2.00000 10.13000 0.7674487233 2.4067831039    0.766  0.831  3.7444  3.421    2  0.000  0.536     0.00     0.00     0.00     0.00     0.00 -1 -1.88e-12      0.00 7.746e-01 2.253e-01 2.666e-05 7.289e-06 6.627e-05 -1.000 1.637e-04 2.693 3.765 3.087 2.663 2.525 2.477 2.468
0.00015547 -2.00000 10.13000 0.7677421570 2.4068958759    0.766  0.860  3.7428  3.385    3  0.000  0.536     0.00     0.00     0.00     0.00     0.00 -1  -2.1e-12      0.00 7.728e-01 2.271e-01 2.682e-05 7.333e-06 6.667e-05 -1.000 1.560e-04 2.619 3.702 3.018 2.589 2.448 2.399 2.389
0.00015547 -2.00000 10.13000 0.7681268454 2.4070436954    0.766  0.901  3.7408  3.337    3  0.000  0.537     0.00     0.00     0.00     0.00     0.00 -1 -2.43e-12      0.00 7.706e-01 2.293e-01 2.701e-05 7.383e-06 6.712e-05 -1.000 1.549e-04 2.518 3.615 2.923 2.487 2.343 2.292 2.281
0.00015547 -2.00000 10.13000 0.7685144544 2.4071924686    0.767  0.944  3.7390  3.286    3  0.000  0.537     0.00     0.00     0.00     0.00     0.00 -1 -2.84e-12      0.00 7.686e-01 2.313e-01 2.716e-05 7.424e-06 6.749e-05 -1.000 1.329e-04 2.409 3.519 2.821 2.379 2.232 2.179 2.167
0.00015547 -2.00000 10.13000 0.7688857317 2.4073348045    0.767  0.989  3.7374  3.236    3  0.000  0.537     0.00     0.00     0.00     0.00     0.00 -1 -3.33e-12      0.00 7.669e-01 2.330e-01 2.728e-05 7.457e-06 6.778e-05 -1.000 1.631e-04 2.298 3.421 2.715 2.269 2.119 2.064 2.051
0.00015547 -2.00000 10.13000 0.7692803144 2.4074859619    0.767  1.039  3.7357  3.179    3  0.000  0.537     0.00     0.00     0.00     0.00     0.00 -1    -4e-12      0.00 7.651e-01 2.347e-01 2.740e-05 7.488e-06 6.806e-05 -1.000 1.637e-04 2.173 3.308 2.595 2.144 1.992 1.934 1.921
0.00015547 -2.00000 10.13000 0.7696114779 2.4076125622    0.767  1.084  3.7343  3.128    3  0.000  0.537     0.00     0.00     0.00     0.00     0.00 -1  -4.7e-12      0.00 7.637e-01 2.361e-01 2.748e-05 7.511e-06 6.826e-05 -1.000 1.637e-04 2.060 3.206 2.487 2.031 1.877 1.818 1.804
0.00015547 -2.00000 10.13000 0.7699464560 2.4077405930    0.768  1.133  3.7328  3.073    3  0.000  0.537     0.00     0.00     0.00     0.00     0.00 -1 -5.61e-12      0.00 7.624e-01 2.374e-01 2.755e-05 7.532e-06 6.844e-05 -1.000 1.561e-04 1.936 3.094 2.369 1.908 1.752 1.691 1.676
0.00015547 -2.00000 10.13000 0.7702751756 2.4078660011    0.768  1.186  3.7312  3.014    3  0.000  0.537     0.00     0.00     0.00     0.00     0.00 -1 -6.78e-12      0.00 7.611e-01 2.388e-01 2.761e-05 7.551e-06 6.860e-05 -1.000 1.579e-04 1.804 2.973 2.242 1.777 1.619 1.556 1.540
0.00015547 -2.00000 10.13000 0.7705404758 2.4079673290    0.768  1.233  3.7298  2.962    3  0.000  0.536     0.00     0.00     0.00     0.00     0.00 -1 -8.02e-12      0.00 7.601e-01 2.397e-01 2.764e-05 7.566e-06 6.871e-05 -1.000 1.628e-04 1.688 2.867 2.131 1.661 1.500 1.436 1.419
0.00015547 -2.00000 10.13000 0.7707964182 2.4080648422    0.768  1.282  3.7283  2.907    3  0.000  0.536     0.00     0.00     0.00     0.00     0.00 -1 -9.56e-12      0.00 7.591e-01 2.407e-01 2.766e-05 7.581e-06 6.881e-05 -1.000 1.637e-04 1.565 2.757 2.013 1.539 1.376 1.310 1.293
0.00015547 -2.00000 10.13000 0.7710263729 2.4081523418    0.768  1.330  3.7269  2.853    3  0.000  0.536     0.00     0.00     0.00     0.00     0.00 -1 -1.14e-11      0.00 7.583e-01 2.415e-01 2.767e-05 7.596e-06 6.888e-05 -1.000 1.600e-04 1.445 2.648 1.898 1.420 1.254 1.187 1.169
0.00015547 -2.00000 10.13000 0.7712346911 2.4082314968    0.768  1.378  3.7254  2.800    3  0.000  0.535     0.00     0.00     0.00     0.00     0.00 -1 -1.35e-11      0.00 7.577e-01 2.422e-01 2.766e-05 7.613e-06 6.894e-05 -1.000 1.425e-04 1.326 2.542 1.785 1.301 1.134 1.064 1.045
0.00015547 -2.00000 10.13000 0.7714210749 2.4083025455    0.768  1.424  3.7239  2.747    3  0.000  0.535     0.00     0.00     0.00     0.00     0.00 -1  -1.6e-11      0.00 7.571e-01 2.428e-01 2.765e-05 7.630e-06 6.899e-05 -1.000 1.521e-04 1.209 2.437 1.673 1.185 1.016 0.945 0.925
0.00015547 -2.00000 10.13000 0.7715975046 2.4083695412    0.768  1.473  3.7224  2.692    3  0.000  0.534     0.00     0.00     0.00     0.00     0.00 -1  -1.9e-11      0.00 7.566e-01 2.432e-01 2.764e-05 7.648e-06 6.903e-05 -1.000 1.636e-04 1.088 2.328 1.558 1.065 0.893 0.820 0.800
0.00015547 -2.00000 10.13000 0.7717541456 2.4084291458    0.768  1.520  3.7209  2.639    3  0.000  0.534     0.00     0.00     0.00     0.00     0.00 -1 -2.25e-11      0.00 7.563e-01 2.436e-01 2.762e-05 7.665e-06 6.906e-05 -1.000 1.637e-04 0.970 2.222 1.445 0.948 0.773 0.699 0.678
0.00015547 -2.00000 10.13000 0.7718933225 2.4084818363    0.768  1.566  3.7193  2.587    3  0.000  0.533     0.00     0.00     0.00     0.00     0.00 -1 -2.66e-11      0.00 7.560e-01 2.438e-01 2.761e-05 7.677e-06 6.908e-05 -1.000 1.637e-04 0.855 2.121 1.337 0.835 0.657 0.581 0.559
0.00015547 -2.00000 10.13000 0.7720195055 2.4085297585    0.768  1.611  3.7178  2.535    3  0.000  0.533     0.00     0.00     0.00     0.00     0.00 -1 -3.13e-11      0.00 7.559e-01 2.440e-01 2.760e-05 7.685e-06 6.909e-05 -1.000 1.437e-04 0.742 2.021 1.230 0.723 0.543 0.465 0.442
0.00015547 -2.00000 10.13000 0.7721377015 2.4085745811    0.768  1.658  3.7162  2.483    3  0.000  0.533     0.00     0.00     0.00     0.00     0.00 -1  -3.7e-11      0.00 7.558e-01 2.441e-01 2.760e-05 7.690e-06 6.909e-05 -1.000 1.637e-04 0.626 1.920 1.120 0.608 0.426 0.346 0.322
0.00015547 -2.00000 10.13000 0.7722421288 2.4086143970    0.768  1.702  3.7146  2.431    3  0.000  0.533     0.00     0.00     0.00     0.00     0.00 -1 -4.35e-11      0.00 7.558e-01 2.441e-01 2.760e-05 7.692e-06 6.910e-05 -1.000 1.637e-04 0.515 1.826 1.016 0.497 0.312 0.230 0.206
0.00015547 -2.00000 10.13000 0.7723386288 2.4086508751    0.768  1.747  3.7130  2.380    3  0.000  0.533     0.00     0.00     0.00     0.00     0.00 -1 -5.12e-11      0.00 7.558e-01 2.441e-01 2.760e-05 7.693e-06 6.910e-05 -1.000 1.636e-04 0.402 1.730 0.910 0.385 0.197 0.114 0.088
0.00015547 -2.00000 10.13000 0.7724271417 2.4086844921    0.767  1.792  3.7114  2.329    3  0.000  0.533     0.00     0.00     0.00     0.00     0.00 -1 -6.03e-11      0.00 7.558e-01 2.441e-01 2.760e-05 7.693e-06 6.910e-05 -1.000 1.637e-04 0.290 1.635 0.804 0.273 0.083 -0.002 -0.029
0.00015547 -2.00000 10.13000 0.7725058198 2.4087142944    0.767  1.836  3.7098  2.279    3  0.000  0.533     0.00     0.00     0.00     0.00     0.00 -1 -7.73e-15      0.00 7.557e-01 2.441e-01 2.760e-05 7.693e-06 6.910e-05 -1.000 1.637e-04 0.181 1.544 0.703 0.166 -0.027 -0.115 -0.142
0.00015547 -2.00000 10.13000 0.7725785971 2.4087419510    0.767  1.879  3.7082  2.229    3  0.000  0.533     0.00     0.00     0.00     0.00     0.00 -1  -4.2e-17      0.00 7.557e-01 2.441e-01 2.760e-05 7.694e-06 6.910e-05 -1.000 1.636e-04 0.073 1.455 0.603 0.058 -0.137 -0.227 -0.255
0.00015547 -2.00000 10.13000 0.7726483941 2.4087684155    0.767  1.924  3.7065  2.177    3  0.000  0.533     0.00     0.00     0.00     0.00     0.00 -1 -1.42e-17      0.00 7.557e-01 2.441e-01 2.760e-05 7.694e-06 6.910e-05 -1.000 1.636e-04 -0.040 1.362 0.498 -0.053 -0.251 -0.343 -0.372
0.00015547 -2.00000 10.13000 0.7727082372 2.4087910652    0.767  1.966  3.7049  2.128    3  0.000  0.533     0.00     0.00     0.00     0.00     0.00 -1 -1.62e-17      0.00 7.557e-01 2.441e-01 2.760e-05 7.694e-06 6.910e-05 -1.000 1.637e-04 -0.144 1.277 0.402 -0.156 -0.357 -0.451 -0.480
0.00015547 -2.00000 10.13000 0.7727635503 2.4088120461    0.766  2.007  3.7033  2.080    3  0.000  0.533     0.00     0.00     0.00     0.00     0.00 -1 -1.85e-17      0.00 7.557e-01 2.441e-01 2.760e-05 7.695e-06 6.910e-05 -1.000 1.636e-04 -0.248 1.193 0.306 -0.259 -0.463 -0.558 -0.589
0.00015547 -2.00000 10.13000 0.7728163600 2.4088318348    0.766  2.050  3.7016  2.031    3  0.000  0.533     0.00     0.00     0.00     0.00     0.00 -1 -2.11e-17      0.00 7.557e-01 2.441e-01 2.760e-05 7.695e-06 6.910e-05 -1.000 1.636e-04 -0.355 1.106 0.207 -0.364 -0.571 -0.669 -0.700
0.00015547 -2.00000 10.13000 0.7728624940 2.4088494778    0.766  2.090  3.6999  1.984    3  0.000  0.533     0.00     0.00     0.00     0.00     0.00 -1 -2.39e-17      0.00 7.557e-01 2.441e-01 2.760e-05 7.695e-06 6.910e-05 -1.000 1.637e-04 -0.455 1.027 0.117 -0.463 -0.673 -0.772 -0.805
0.00015547 -2.00000 10.13000 0.7729057074 2.4088656902    0.766  2.129  3.6983  1.938    3  0.000  0.533     0.00     0.00     0.00     0.00     0.00 -1 -2.69e-17      0.00 7.557e-01 2.441e-01 2.760e-05 7.695e-06 6.911e-05 -1.000 1.636e-04 -0.553 0.952 0.028 -0.559 -0.772 -0.874 -0.907
0.00015547 -2.00000 10.13000 0.7729506493 2.4088828564    0.765  2.167  3.6969  1.894    3  0.000  0.533     0.00     0.00     0.00     0.00     0.00 -1 -3.03e-17      0.00 7.557e-01 2.441e-01 2.760e-05 7.696e-06 6.911e-05 -1.000 1.637e-04 -0.648 0.878 -0.060 -0.653 -0.869 -0.972 -1.006
0.00015547 -2.00000 10.13000 0.7730004787 2.4089016914    0.765  2.197  3.6957  1.860    3  0.000  0.533     0.00     0.00     0.00     0.00     0.00 -1 -3.36e-17      0.00 7.557e-01 2.441e-01 2.760e-05 7.696e-06 6.911e-05 -1.000 1.636e-04 -0.722 0.822 -0.127 -0.726 -0.944 -1.049 -1.083
0.00015547 -2.00000 10.13000 0.7730228901 2.4089100361    0.765  2.191  3.6962  1.867    3  0.000  0.533     0.00     0.00     0.00     0.00     0.00 -1 -3.37e-17      0.00 7.557e-01 2.441e-01 2.760e-05 7.696e-06 6.911e-05 -1.000 1.636e-04 -0.709 0.829 -0.116 -0.713 -0.930 -1.034 -1.069
0.00015547 -2.00000 10.13000 0.7730287313 2.4089124203    0.765  2.198  3.6959  1.859    3  0.000  0.533     0.00     0.00     0.00     0.00     0.00 -1 -3.43e-17      0.00 7.557e-01 2.441e-01 2.760e-05 7.696e-06 6.911e-05 -1.000 1.637e-04 -0.724 0.818 -0.130 -0.728 -0.946 -1.050 -1.085
0.00015547 -2.00000 10.13000 0.7730610371 2.4089245796    0.764  2.239  3.6940  1.810    3  0.000  0.533     0.00     0.00     0.00     0.00     0.00 -1 -3.85e-17      0.00 7.557e-01 2.441e-01 2.760e-05 7.696e-06 6.911e-05 -1.000 1.637e-04 -0.828 0.741 -0.222 -0.830 -1.051 -1.158 -1.193
0.00015547 -2.00000 10.13000 0.7730936408 2.4089369774    0.764  2.283  3.6923  1.759    3  0.000  0.533     0.00     0.00     0.00     0.00     0.00 -1 -4.36e-17      0.00 7.557e-01 2.441e-01 2.760e-05 7.696e-06 6.911e-05 -1.000 1.637e-04 -0.938 0.658 -0.322 -0.938 -1.162 -1.272 -1.308
0.00015547 -2.00000 10.13000 0.7731213570 2.4089474678    0.763  2.323  3.6904  1.711    3  0.000  0.533     0.00     0.00     0.00     0.00     0.00 -1 -4.88e-17      0.00 7.557e-01 2.441e-01 2.760e-05 7.696e-06 6.911e-05 -1.000 1.637e-04 -1.038 0.585 -0.411 -1.036 -1.264 -1.375 -1.413
0.00015547 -2.00000 10.13000 0.7731485963 2.4089577198    0.763  2.365  3.6885  1.662    3  0.000  0.533     0.00     0.00     0.00     0.00     0.00 -1 -5.49e-17      0.00 7.557e-01 2.442e-01 2.760e-05 7.696e-06 6.911e-05 -1.000 1.636e-04 -1.143 0.511 -0.503 -1.138 -1.370 -1.484 -1.523
0.00015547 -2.00000 10.13000 0.7731740475 2.4089672565    0.762  2.407  3.6867  1.612    3  0.000  0.533     0.00     0.00     0.00     0.00     0.00 -1 -6.17e-17      0.00 7.557e-01 2.442e-01 2.760e-05 7.697e-06 6.911e-05 -1.000 1.636e-04 -1.248 0.435 -0.597 -1.240 -1.476 -1.592 -1.632
0.00015547 -2.00000 10.13000 0.7731962800 2.4089758396    0.762  2.447  3.6848  1.564    3  0.000  0.533     0.00     0.00     0.00     0.00     0.00 -1 -6.88e-17      0.00 7.557e-01 2.442e-01 2.760e-05 7.697e-06 6.911e-05 -1.000 1.637e-04 -1.346 0.405 -0.679 -1.341 -1.580 -1.699 -1.739
0.00015547 -2.00000 10.13000 0.7732183337 2.4089839458    0.761  2.489  3.6829  1.515    3  0.000  0.533     0.00     0.00     0.00     0.00     0.00 -1 -7.72e-17      0.00 7.557e-01 2.442e-01 2.760e-05 7.697e-06 6.911e-05 -1.000 1.636e-04 -1.452 0.367 -0.766 -1.448 -1.690 -1.811 -1.853
0.00015547 -2.00000 10.13000 0.7732378840 2.4089915752    0.761  2.529  3.6810  1.466    3  0.000  0.533     0.00     0.00     0.00     0.00     0.00 -1 -8.61e-17      0.00 7.557e-01 2.442e-01 2.760e-05 7.697e-06 6.911e-05 -1.000 1.636e-04 -1.552 0.270 -0.856 -1.541 -1.787 -1.911 -1.954
0.00015547 -2.00000 10.13000 0.7732561827 2.4089984894    0.760  2.569  3.6791  1.418    3  0.000  0.533     0.00     0.00     0.00     0.00     0.00 -1 -9.59e-17      0.00 7.557e-01 2.442e-01 2.760e-05 7.697e-06 6.911e-05 -1.000 1.636e-04 -1.652 0.229 -0.937 -1.639 -1.890 -2.017 -2.061
0.00015547 -2.00000 10.13000 0.7732735872 2.4090049267    0.759  2.609  3.6772  1.370    3  0.000  0.533     0.00     0.00     0.00     0.00     0.00 -1 -1.07e-16      0.00 7.557e-01 2.442e-01 2.760e-05 7.697e-06 6.911e-05 -1.000 1.636e-04 -1.754 0.190 -1.018 -1.739 -1.995 -2.124 -2.169
0.00015547 -2.00000 10.13000 0.7732922435 2.4090120792    0.758  2.657  3.6748  1.312    3  0.000  0.533     0.00     0.00     0.00     0.00     0.00 -1 -1.21e-16      0.00 7.557e-01 2.442e-01 2.760e-05 7.697e-06 6.911e-05 -1.000 1.636e-04 -1.872 0.155 -1.109 -1.854 -2.116 -2.249 -2.295
0.00015547 -2.00000 10.13000 0.7733073235 2.4090178013    0.757  2.698  3.6728  1.263    3  0.000  0.533     0.00     0.00     0.00     0.00     0.00 -1 -1.35e-16      0.00 7.557e-01 2.442e-01 2.760e-05 7.697e-06 6.911e-05 -1.000 1.637e-04 -1.974 0.126 -1.188 -1.955 -2.222 -2.357 -2.405
0.00015547 -2.00000 10.13000 0.7733228207 2.4090235233    0.756  2.743  3.6704  1.207    3  0.000  0.533     0.00     0.00     0.00     0.00     0.00 -1 -1.52e-16      0.00 7.557e-01 2.442e-01 2.760e-05 7.697e-06 6.911e-05 -1.000 1.637e-04 -2.088 0.107 -1.270 -2.065 -2.339 -2.478 -2.528
0.00015547 -2.00000 10.13000 0.7733356953 2.4090285301    0.755  2.784  3.6684  1.158    3  0.000  0.533     0.00     0.00     0.00     0.00     0.00 -1  -1.7e-16      0.00 7.557e-01 2.442e-01 2.760e-05 7.697e-06 6.911e-05 -1.000 1.636e-04 -2.189 0.087 -1.344 -2.163 -2.443 -2.585 -2.635
0.00015547 -2.00000 10.13000 0.7733486891 2.4090332985    0.754  2.828  3.6659  1.103    3  0.000  0.533     0.00     0.00     0.00     0.00     0.00 -1  -1.9e-16      0.00 7.557e-01 2.442e-01 2.760e-05 7.697e-06 6.911e-05 -1.000 1.637e-04 -2.299 0.090 -1.416 -2.268 -2.556 -2.702 -2.754
0.00015547 -2.00000 10.13000 0.7733595371 2.4090373516    0.753  2.867  3.6640  1.055    3  0.000  0.533     0.00     0.00     0.00     0.00     0.00 -1 -2.11e-16      0.00 7.557e-01 2.442e-01 2.760e-05 7.697e-06 6.911e-05 -1.000 1.637e-04 -2.398 0.082 -1.483 -2.362 -2.656 -2.805 -2.859
0.00015547 -2.00000 10.13000 0.7733709216 2.4090416431    0.751  2.911  3.6614  1.000    3  0.000  0.533     0.00     0.00     0.00     0.00     0.00 -1 -2.36e-16      0.00 7.557e-01 2.442e-01 2.760e-05 7.697e-06 6.911e-05 -1.000 1.636e-04 -2.508 0.101 -1.549 -2.466 -2.770 -2.923 -2.979
0.00015547 -2.00000 10.13000 0.7733824849 2.4090461731    0.749  2.960  3.6589  0.941    3  0.000  0.533     0.00     0.00     0.00     0.00     0.00 -1 -2.68e-16      0.00 7.557e-01 2.442e-01 2.760e-05 7.698e-06 6.911e-05 -1.000 1.636e-04 -2.629 0.124 -1.616 -2.579 -2.893 -3.052 -3.109
0.00015547 -2.00000 10.13000 0.7733918428 2.4090497494    0.748  3.002  3.6564  0.887    3  0.000  0.533     0.00     0.00     0.00     0.00     0.00 -1 -2.99e-16      0.00 7.557e-01 2.442e-01 2.760e-05 7.698e-06 6.911e-05 -1.000 1.636e-04 -2.734 0.134 -1.674 -2.674 -2.998 -3.162 -3.221
0.00015547 -2.00000 10.13000 0.7733998299 2.4090526104    0.746  3.040  3.6543  0.840    3  0.000  0.533     0.00     0.00     0.00     0.00     0.00 -1 -3.29e-16      0.00 7.557e-01 2.442e-01 2.760e-05 7.698e-06 6.911e-05 -1.000 1.636e-04 -2.831 0.121 -1.733 -2.760 -3.093 -3.261 -3.322
0.00015547 -2.00000 10.13000 0.7734081745 2.4090559483    0.744  3.083  3.6517  0.786    3  0.000  0.533     0.00     0.00     0.00     0.00     0.00 -1 -3.67e-16      0.00 7.557e-01 2.442e-01 2.760e-05 7.698e-06 6.911e-05 -1.000 1.637e-04 -2.936 0.115 -1.794 -2.854 -3.197 -3.370 -3.434
0.00015547 -2.00000 10.13000 0.7734166384 2.4090590477    0.741  3.129  3.6491  0.728    3  0.000  0.533     0.00     0.00     0.00     0.00     0.00 -1 -4.12e-16      0.00 7.557e-01 2.442e-01 2.760e-05 7.698e-06 6.911e-05 -1.000 1.636e-04 -3.051 0.105 -1.862 -2.957 -3.310 -3.488 -3.554
0.00015547 -2.00000 10.13000 0.7734237909 2.4090616703    0.739  3.170  3.6466  0.675    3  0.000  0.533     0.00     0.00     0.00     0.00     0.00 -1 -4.59e-16      0.00 7.557e-01 2.442e-01 2.760e-05 7.698e-06 6.911e-05 -1.000 1.636e-04 -3.155 0.099 -1.920 -3.047 -3.411 -3.594 -3.662
0.00015547 -2.00000 10.13000 0.7734309435 2.4090645313    0.736  3.214  3.6440  0.619    3  0.000  0.533     0.00     0.00     0.00     0.00     0.00 -1 -5.13e-16      0.00 7.557e-01 2.442e-01 2.760e-05 7.698e-06 6.911e-05 -1.000 1.637e-04 -3.265 0.092 -1.982 -3.142 -3.517 -3.706 -3.776
0.00015547 -2.00000 10.13000 0.7734376192 2.4090669155    0.733  3.255  3.6416  0.566    3  0.000  0.533     0.00     0.00     0.00     0.00     0.00 -1 -5.71e-16      0.00 7.557e-01 2.442e-01 2.760e-05 7.698e-06 6.911e-05 -1.000 1.636e-04 -3.368 0.088 -2.037 -3.231 -3.616 -3.811 -3.883
0.00015547 -2.00000 10.13000 0.7734394670 2.4090676308    0.732  3.266  3.6410  0.553    3  0.000  0.533     0.00     0.00     0.00     0.00     0.00 -1 -5.88e-16      0.00 7.557e-01 2.442e-01 2.760e-05 7.698e-06 6.911e-05 -1.000 1.636e-04 -3.394 0.085 -2.051 -3.254 -3.642 -3.838 -3.911
0.00015547 -2.00000 10.13000 0.7734394670 2.4090676308    0.711  1.642  3.9493  3.398    4  0.000  0.532     0.00     0.00     0.00     0.00     0.00 -1    -1e-30      0.00 7.549e-01 2.450e-01 2.759e-05 7.739e-06 6.924e-05 -1.000 1.637e-04 0.665 1.052 0.653 0.900 1.104 1.179 1.226
0.00015547 -2.00000 10.13000 0.7734407783 2.4090681076    0.711  1.653  3.9433  3.362    4  0.000  0.532     0.00     0.00     0.00     0.00     0.00 -1    -1e-30      0.00 7.549e-01 2.450e-01 2.759e-05 7.739e-06 6.924e-05 -1.000 1.637e-04 0.638 1.021 0.612 0.849 1.047 1.118 1.164
0.00015547 -2.00000 10.13000 0.7734875679 2.4090857506    0.711  1.666  3.9371  3.324    4  0.000  0.532     0.00     0.00     0.00     0.00     0.00 -1    -1e-30      0.00 7.549e-01 2.450e-01 2.759e-05 7.739e-06 6.924e-05 -1.000 1.637e-04 0.605 0.986 0.566 0.793 0.985 1.053 1.097
0.00015547 -2.00000 10.13000 0.7735355496 2.4091038704    0.712  1.666  3.9372  3.325    4  0.000  0.532     0.00     0.00     0.00     0.00     0.00 -1    -1e-30      0.00 7.549e-01 2.450e-01 2.759e-05 7.739e-06 6.924e-05 -1.000 1.637e-04 0.604 0.984 0.565 0.793 0.985 1.053 1.097
0.00015547 -2.00000 10.13000 0.7735850811 2.4091227055    0.712  1.666  3.9377  3.327    4  0.000  0.532     0.00     0.00     0.00     0.00     0.00 -1    -1e-30      0.00 7.549e-01 2.450e-01 2.759e-05 7.739e-06 6.924e-05 -1.000 1.636e-04 0.605 0.985 0.566 0.795 0.987 1.055 1.100
0.00015547 -2.00000 10.13000 0.7736347914 2.4091415405    0.712  1.666  3.9379  3.328    4  0.000  0.532     0.00     0.00     0.00     0.00     0.00 -1    -1e-30      0.00 7.549e-01 2.450e-01 2.759e-05 7.739e-06 6.924e-05 -1.000 1.637e-04 0.605 0.985 0.567 0.796 0.989 1.057 1.101
0.00015547 -2.00000 10.13000 0.7736846209 2.4091603756    0.712  1.666  3.9379  3.328    4  0.000  0.532     0.00     0.00     0.00     0.00     0.00 -1    -1e-30      0.00 7.549e-01 2.450e-01 2.759e-05 7.739e-06 6.924e-05 -1.000 1.636e-04 0.605 0.985 0.567 0.796 0.989 1.057 1.101
0.00015547 -2.00000 10.13000 0.7737349272 2.4091792107    0.712  1.666  3.9376  3.327    4  0.000  0.532     0.00     0.00     0.00     0.00     0.00 -1    -1e-30      0.00 7.549e-01 2.450e-01 2.759e-05 7.739e-06 6.924e-05 -1.000 1.637e-04 0.605 0.985 0.566 0.795 0.987 1.055 1.100
0.00015547 -2.00000 10.13000 0.7737860680 2.4091985226    0.712  1.666  3.9370  3.324    4  0.000  0.532     0.00     0.00     0.00     0.00     0.00 -1    -1e-30      0.00 7.549e-01 2.450e-01 2.759e-05 7.739e-06 6.924e-05 -1.000 1.636e-04 0.604 0.984 0.564 0.792 0.984 1.051 1.095
0.00015547 -2.00000 10.13000 0.7738370895 2.4092178345    0.712  1.667  3.9361  3.320    4  0.000  0.532     0.00     0.00     0.00     0.00     0.00 -1    -1e-30      0.00 7.549e-01 2.450e-01 2.759e-05 7.739e-06 6.924e-05 -1.000 1.637e-04 0.603 0.983 0.561 0.787 0.978 1.045 1.089
0.00015547 -2.00000 10.13000 0.7738854885 2.4092361927    0.712  1.668  3.9347  3.313    4  0.000  0.532     0.00     0.00     0.00     0.00     0.00 -1    -1e-30      0.00 7.549e-01 2.450e-01 2.759e-05 7.739e-06 6.924e-05 -1.000 1.637e-04 0.601 0.981 0.557 0.780 0.969 1.036 1.079
0.00015547 -2.00000 10.13000 0.7739344239 2.4092545509    0.712  1.669  3.9329  3.305    4  0.000  0.532     0.00     0.00     0.00     0.00     0.00 -1    -1e-30      0.00 7.549e-01 2.450e-01 2.759e-05 7.739e-06 6.924e-05 -1.000 1.636e-04 0.598 0.978 0.550 0.770 0.958 1.024 1.067
0.00015547 -2.00000 10.13000 0.7739822865 2.4092726707    0.712  1.671  3.9307  3.295    4  0.000  0.532     0.00     0.00     0.00     0.00     0.00 -1    -1e-30      0.00 7.549e-01 2.450e-01 2.759e-05 7.739e-06 6.924e-05 -1.000 1.636e-04 0.594 0.974 0.543 0.759 0.944 1.009 1.051
0.00015547 -2.00000 10.13000 0.7740305066 2.4092907906    0.712  1.672  3.9280  3.282    4  0.000  0.532     0.00     0.00     0.00     0.00     0.00 -1    -1e-30      0.00 7.549e-01 2.450e-01 2.759e-05 7.739e-06 6.924e-05 -1.000 1.637e-04 0.589 0.971 0.535 0.745 0.927 0.991 1.033
0.00015547 -2.00000 10.13000 0.7740772367 2.4093084335    0.712  1.675  3.9249  3.268    4  0.000  0.532     0.00     0.00     0.00     0.00     0.00 -1    -1e-30      0.00 7.549e-01 2.450e-01 2.759e-05 7.739e-06 6.924e-05 -1.000 1.636e-04 0.584 0.967 0.526 0.730 0.908 0.970 1.012
0.00015547 -2.00000 10.13000 0.7741245031 2.4093263149    0.712  1.677  3.9213  3.251    4  0.000  0.532     0.00     0.00     0.00     0.00     0.00 -1    -1e-30      0.00 7.549e-01 2.450e-01 2.759e-05 7.739e-06 6.924e-05 -1.000 1.637e-04 0.577 0.962 0.515 0.712 0.886 0.946 0.987
0.00015547 -2.00000 10.13000 0.7741711140 2.4093439579    0.712  1.680  3.9171  3.231    4  0.000  0.532     0.00     0.00     0.00     0.00     0.00 -1    -1e-30      0.00 7.549e-01 2.450e-01 2.759e-05 7.739e-06 6.924e-05 -1.000 1.637e-04 0.570 0.957 0.505 0.692 0.860 0.919 0.959
0.00015547 -2.00000 10.13000 0.7742220163 2.4093630314    0.712  1.684  3.9120  3.207    4  0.000  0.532     0.00     0.00     0.00     0.00     0.00 -1    -1e-30      0.00 7.549e-01 2.450e-01 2.759e-05 7.739e-06 6.924e-05 -1.000 1.637e-04 0.561 0.952 0.494 0.668 0.830 0.887 0.925
0.00015547 -2.00000 10.13000 0.7742691040 2.4093809128    0.712  1.687  3.9069  3.183    4  0.000  0.532     0.00     0.00     0.00     0.00     0.00 -1    -1e-30      0.00 7.549e-01 2.450e-01 2.759e-05 7.739e-06 6.924e-05 -1.000 1.636e-04 0.551 0.948 0.484 0.645 0.799 0.854 0.891
0.00015547 -2.00000 10.13000 0.7743173838 2.4093990326    0.712  1.692  3.9008  3.154    4  0.000  0.532     0.00     0.00     0.00     0.00     0.00 -1    -1e-30      0.00 7.549e-01 2.450e-01 2.759e-05 7.739e-06 6.924e-05 -1.000 1.637e-04 0.541 0.945 0.474 0.619 0.764 0.817 0.853
0.00015547 -2.00000 10.13000 0.7743644118 2.4094166756    0.712  1.696  3.8945  3.125    4  0.000  0.532     0.00     0.00     0.00     0.00     0.00 -1    -1e-30      0.00 7.549e-01 2.450e-01 2.759e-05 7.739e-06 6.924e-05 -1.000 1.637e-04 0.529 0.944 0.467 0.592 0.728 0.779 0.813
0.00015547 -2.00000 10.13000 0.7744112611 2.4094345570    0.712  1.701  3.8877  3.093    4  0.000  0.532     0.00     0.00     0.00     0.00     0.00 -1    -1e-30      0.00 7.549e-01 2.450e-01 2.759e-05 7.739e-06 6.924e-05 -1.000 1.636e-04 0.517 0.945 0.461 0.565 0.690 0.738 0.771
0.00015547 -2.00000 10.13000 0.7744203210 2.4094378948    0.712  1.702  3.8864  3.086    4  0.000  0.532     0.00     0.00     0.00     0.00     0.00 -1    -1e-30      0.00 7.549e-01 2.450e-01 2.759e-05 7.739e-06 6.924e-05 -1.000 1.637e-04 0.515 0.946 0.461 0.560 0.682 0.731 0.763
0.00015547 -2.00000 10.13000 0.7744435668 2.4094467163    0.713  1.705  3.8830  3.070    4  0.000  0.532     0.00     0.00     0.00     0.00     0.00 -1    -1e-30      0.00 7.549e-01 2.450e-01 2.759e-05 7.739e-06 6.924e-05 -1.000 1.636e-04 0.509 0.948 0.460 0.547 0.664 0.711 0.743
0.00015547 -2.00000 10.13000 0.7744919062 2.4094648361    0.713  1.710  3.8757  3.036    4  0.000  0.532     0.00     0.00     0.00     0.00     0.00 -1    -1e-30      0.00 7.549e-01 2.450e-01 2.759e-05 7.739e-06 6.924e-05 -1.000 1.636e-04 0.496 0.952 0.460 0.521 0.625 0.671 0.701
0.00015547 -2.00000 10.13000 0.7745380402 2.4094822407    0.713  1.715  3.8684  3.001    4  0.000  0.532     0.00     0.00     0.00     0.00     0.00 -1    -1e-30      0.00 7.549e-01 2.450e-01 2.759e-05 7.739e-06 6.924e-05 -1.000 1.637e-04 0.482 0.957 0.461 0.497 0.588 0.630 0.659
0.00015547 -2.00000 10.13000 0.7745851874 2.4094998837    0.713  1.721  3.8603  2.963    4  0.000  0.532     0.00     0.00     0.00     0.00     0.00 -1    -1e-30      0.00 7.549e-01 2.450e-01 2.759e-05 7.739e-06 6.924e-05 -1.000 1.637e-04 0.468 0.964 0.463 0.471 0.547 0.587 0.614
0.00015547 -2.00000 10.13000 0.7746310830 2.4095172882    0.713  1.727  3.8520  2.924    4  0.000  0.532     0.00     0.00     0.00     0.00     0.00 -1    -1e-30      0.00 7.549e-01 2.450e-01 2.759e-05 7.739e-06 6.924e-05 -1.000 1.637e-04 0.453 0.972 0.468 0.449 0.509 0.545 0.571
0.00015547 -2.00000 10.13000 0.7746769786 2.4095344543    0.713  1.733  3.8439  2.886    4  0.000  0.532     0.00     0.00     0.00     0.00     0.00 -1    -1e-30      0.00 7.549e-01 2.450e-01 2.759e-05 7.739e-06 6.924e-05 -1.000 1.637e-04 0.438 0.982 0.474 0.427 0.472 0.504 0.527
0.00015547 -2.00000 10.13000 0.7747236490 2.4095520973    0.713  1.739  3.8355  2.846    4  0.000  0.532     0.00     0.00     0.00     0.00     0.00 -1    -1e-30      0.00 7.549e-01 2.450e-01 2.759e-05 7.739e-06 6.924e-05 -1.000 1.637e-04 0.422 0.993 0.480 0.404 0.434 0.461 0.483
0.00015547 -2.00000 10.13000 0.7747704387 2.4095697403    0.713  1.746  3.8272  2.806    4  0.000  0.532     0.00     0.00     0.00     0.00     0.00 -1    -1e-30      0.00 7.549e-01 2.450e-01 2.759e-05 7.739e-06 6.924e-05 -1.000 1.636e-04 0.406 1.005 0.486 0.382 0.397 0.420 0.439
0.00015547 -2.00000 10.13000 0.7748164535 2.4095871449    0.713  1.752  3.8192  2.768    4  0.000  0.532     0.00     0.00     0.00     0.00     0.00 -1    -1e-30      0.00 7.549e-01 2.450e-01 2.759e-05 7.739e-06 6.924e-05 -1.000 1.637e-04 0.390 1.019 0.493 0.362 0.362 0.379 0.396
0.00015547 -2.00000 10.13000 0.7748630643 2.4096045494    0.713  1.759  3.8113  2.729    4  0.000  0.532     0.00     0.00     0.00     0.00     0.00 -1    -1e-30      0.00 7.549e-01 2.450e-01 2.759e-05 7.739e-06 6.924e-05 -1.000 1.637e-04 0.372 1.032 0.499 0.340 0.326 0.338 0.352
0.00015547 -2.00000 10.13000 0.7749122381 2.4096231461    0.713  1.769  3.8020  2.682    4  0.000  0.532     0.00     0.00     0.00     0.00     0.00 -1    -1e-30      0.00 7.549e-01 2.450e-01 2.759e-05 7.739e-06 6.924e-05 -1.000 1.637e-04 0.348 1.051 0.506 0.314 0.283 0.288 0.299
0.00015547 -2.00000 10.13000 0.7749581933 2.4096403122    0.713  1.779  3.7931  2.636    4  0.000  0.532     0.00     0.00     0.00     0.00     0.00 -1    -1e-30      0.00 7.549e-01 2.450e-01 2.759e-05 7.739e-06 6.924e-05 -1.000 1.637e-04 0.322 1.068 0.510 0.285 0.239 0.236 0.244
0.00015547 -2.00000 10.13000 0.7749969959 2.4096550941    0.713  1.792  3.7842  2.588    4  0.000  0.532     0.00     0.00     0.00     0.00     0.00 -1    -1e-30      0.00 7.549e-01 2.450e-01 2.759e-05 7.739e-06 6.924e-05 -1.000 1.637e-04 0.290 1.081 0.509 0.252 0.190 0.179 0.184
0.00015547 -2.00000 10.13000 0.7750216126 2.4096641541    0.713  1.807  3.7764  2.541    4  0.000  0.532     0.00     0.00     0.00     0.00     0.00 -1    -1e-30      0.00 7.549e-01 2.450e-01 2.759e-05 7.739e-06 6.924e-05 -1.000 1.637e-04 0.251 1.086 0.499 0.213 0.137 0.120 0.122
0.00015547 -2.00000 10.13000 0.7750390768 2.4096708298    0.713  1.821  3.7700  2.503    4  0.000  0.532     0.00     0.00     0.00     0.00     0.00 -1    -1e-30      0.00 7.549e-01 2.450e-01 2.759e-05 7.739e-06 6.924e-05 -1.000 1.637e-04 0.219 1.092 0.489 0.181 0.094 0.071 0.070
0.00015547 -2.00000 10.13000 0.7750494480 2.4096746445    0.713  1.836  3.7641  2.464    4  0.000  0.532     0.00     0.00     0.00     0.00     0.00 -1    -1e-30      0.00 7.549e-01 2.450e-01 2.759e-05 7.739e-06 6.924e-05 -1.000 1.637e-04 0.181 1.091 0.473 0.144 0.046 0.017 0.014
0.00015547 -2.00000 10.13000 0.7750571966 2.4096777439    0.713  1.848  3.7592  2.432    4  0.000  0.532     0.00     0.00     0.00     0.00     0.00 -1    -1e-30      0.00 7.549e-01 2.450e-01 2.759e-05 7.739e-06 6.924e-05 -1.000 1.636e-04 0.151 1.092 0.461 0.114 0.008 -0.026 -0.031
0.00015547 -2.00000 10.13000 0.7750627398 2.4096796513    0.713  1.863  3.7541  2.397    4  0.000  0.532     0.00     0.00     0.00     0.00     0.00 -1    -1e-30      0.00 7.549e-01 2.450e-01 2.759e-05 7.739e-06 6.924e-05 -1.000 1.637e-04 0.112 1.088 0.442 0.077 -0.038 -0.077 -0.084
0.00015547 -2.00000 10.13000 0.7750673890 2.4096815586    0.713  1.880  3.7490  2.360    4  0.000  0.532     0.00     0.00     0.00     0.00     0.00 -1    -1e-30      0.00 7.549e-01 2.450e-01 2.759e-05 7.739e-06 6.924e-05 -1.000 1.637e-04 0.071 1.083 0.420 0.037 -0.087 -0.131 -0.140
0.00015547 -2.00000 10.13000 0.7750710845 2.4096827507    0.713  1.904  3.7429  2.311    4  0.000  0.532     0.00     0.00     0.00     0.00     0.00 -1    -1e-30      0.00 7.549e-01 2.450e-01 2.759e-05 7.739e-06 6.924e-05 -1.000 1.637e-04 0.010 1.066 0.383 -0.023 -0.157 -0.207 -0.219
0.00015547 -2.00000 10.13000 0.7750735283 2.4096837044    0.713  1.929  3.7375  2.264    4  0.000  0.532     0.00     0.00     0.00     0.00     0.00 -1    -1e-30      0.00 7.549e-01 2.450e-01 2.759e-05 7.739e-06 6.924e-05 -1.000 1.637e-04 -0.052 1.047 0.342 -0.084 -0.227 -0.283 -0.297
0.00015547 -2.00000 10.13000 0.7750751376 2.4096844196    0.713  1.958  3.7323  2.215    4  0.000  0.532     0.00     0.00     0.00     0.00     0.00 -1    -1e-30      0.00 7.549e-01 2.450e-01 2.759e-05 7.739e-06 6.924e-05 -1.000 1.636e-04 -0.125 1.019 0.291 -0.155 -0.307 -0.369 -0.385
0.00015547 -2.00000 10.13000 0.7750759721 2.4096846581    0.713  1.980  3.7289  2.179    7  0.000  0.532     0.00     0.00     0.00     0.00     0.00 -1    -1e-30      0.00 7.549e-01 2.450e-01 2.759e-05 7.739e-06 6.924e-05 -1.000 1.636e-04 -0.181 0.992 0.248 -0.210 -0.368 -0.434 -0.452
0.00015547 -2.00000 10.13000 0.7750766873 2.4096848965    0.713  2.010  3.7255  2.135    7  0.000  0.532     0.00     0.00     0.00     0.00     0.00 -1    -1e-30      0.00 7.549e-01 2.450e-01 2.759e-05 7.739e-06 6.924e-05 -1.000 1.637e-04 -0.255 0.949 0.188 -0.283 -0.447 -0.516 -0.536
0.00015547 -2.00000 10.13000 0.7750775218 2.4096853733    0.713  2.048  3.7217  2.082    7  0.000  0.532     0.00     0.00     0.00     0.00     0.00 -1    -1e-30      0.00 7.549e-01 2.450e-01 2.759e-05 7.739e-06 6.924e-05 -1.000 1.637e-04 -0.351 0.890 0.109 -0.377 -0.547 -0.620 -0.642
0.00015547 -2.00000 10.13000 0.7750784159 2.4096856117    0.713  2.088  3.7182  2.028    7  0.000  0.532     0.00     0.00     0.00     0.00     0.00 -1    -1e-30      0.00 7.549e-01 2.450e-01 2.759e-05 7.739e-06 6.924e-05 -1.000 1.637e-04 -0.451 0.826 0.025 -0.475 -0.651 -0.729 -0.752
0.00015547 -2.00000 10.13000 0.7750791907 2.4096858501    0.713  2.126  3.7152  1.978    7  0.000  0.532     0.00     0.00     0.00     0.00     0.00 -1    -1e-30      0.00 7.549e-01 2.450e-01 2.759e-05 7.739e-06 6.924e-05 -1.000 1.637e-04 -0.545 0.764 -0.055 -0.568 -0.750 -0.831 -0.856
0.00015547 -2.00000 10.13000 0.7750803828 2.4096863270    0.713  2.164  3.7124  1.929    7  0.000  0.532     0.00     0.00     0.00     0.00     0.00 -1    -1e-30      0.00 7.549e-01 2.450e-01 2.759e-05 7.739e-06 6.924e-05 -1.000 1.637e-04 -0.641 0.701 -0.137 -0.662 -0.848 -0.933 -0.959
0.00015547 -2.00000 10.13000 0.7750827074 2.4096872807    0.713  2.161  3.7129  1.934    7  0.000  0.532     0.00     0.00     0.00     0.00     0.00 -1    -1e-30      0.00 7.549e-01 2.450e-01 2.759e-05 7.739e-06 6.924e-05 -1.000 1.637e-04 -0.632 0.704 -0.131 -0.653 -0.839 -0.923 -0.949
0.00015547 -2.00000 10.13000 0.7750862837 2.4096884727    0.713  2.139  3.7145  1.962    7  0.000  0.532     0.00     0.00     0.00     0.00     0.00 -1    -1e-30      0.00 7.549e-01 2.450e-01 2.759e-05 7.739e-06 6.924e-05 -1.000 1.637e-04 -0.578 0.740 -0.084 -0.600 -0.783 -0.865 -0.890
0.00015547 -2.00000 10.13000 0.7751089931 2.4096970558    0.713  2.148  3.7132  1.949    7  0.000  0.532     0.00     0.00     0.00     0.00     0.00 -1    -1e-30      0.00 7.549e-01 2.450e-01 2.759e-05 7.739e-06 6.924e-05 -1.000 1.636e-04 -0.599 0.733 -0.099 -0.620 -0.805 -0.889 -0.915
0.00015547 -2.00000 10.13000 0.7751235366 2.4097025394    0.713  2.183  3.7105  1.902    7  0.000  0.532     0.00     0.00     0.00     0.00     0.00 -1    -1e-30      0.00 7.549e-01 2.450e-01 2.759e-05 7.739e-06 6.924e-05 -1.000 1.636e-04 -0.688 0.676 -0.175 -0.708 -0.898 -0.985 -1.012
0.00015547 -2.00000 10.13000 0.7751449943 2.4097106457    0.713  2.234  3.7069  1.837    7  0.000  0.532     0.00     0.00     0.00     0.00     0.00 -1    -1e-30      0.00 7.549e-01 2.450e-01 2.759e-05 7.739e-06 6.924e-05 -1.000 1.637e-04 -0.814 0.594 -0.283 -0.832 -1.029 -1.120 -1.149
0.00015547 -2.00000 10.13000 0.7751624584 2.4097173214    0.713  2.275  3.7042  1.785    7  0.000  0.532     0.00     0.00     0.00     0.00     0.00 -1    -1e-30      0.00 7.549e-01 2.450e-01 2.759e-05 7.739e-06 6.924e-05 -1.000 1.636e-04 -0.919 0.525 -0.373 -0.934 -1.136 -1.230 -1.261
0.00015547 -2.00000 10.13000 0.7751781344 2.4097230434    0.713  2.317  3.7016  1.733    7  0.000  0.532     0.00     0.00     0.00     0.00     0.00 -1    -1e-30      0.00 7.549e-01 2.450e-01 2.759e-05 7.739e-06 6.924e-05 -1.000 1.637e-04 -1.022 0.456 -0.462 -1.035 -1.242 -1.340 -1.371
0.00015547 -2.00000 10.13000 0.7751920223 2.4097282887    0.713  2.358  3.6990  1.681    7  0.000  0.532     0.00     0.00     0.00     0.00     0.00 -1    -1e-30      0.00 7.549e-01 2.450e-01 2.759e-05 7.740e-06 6.924e-05 -1.000 1.637e-04 -1.125 0.387 -0.551 -1.136 -1.348 -1.448 -1.482
0.00015547 -2.00000 10.13000 0.7752043009 2.4097330570    0.713  2.400  3.6966  1.630    7  0.000  0.531     0.00     0.00     0.00     0.00     0.00 -1    -1e-30      0.00 7.549e-01 2.449e-01 2.755e-05 7.749e-06 6.924e-05 -1.000 1.636e-04 -1.229 0.319 -0.640 -1.237 -1.453 -1.557 -1.592
0.00015547 -2.00000 10.13000 0.7752151489 2.4097371101    0.713  2.441  3.6941  1.579    7  0.000  0.528     0.00     0.00     0.00     0.00     0.00 -1    -1e-30      0.00 7.549e-01 2.449e-01 2.743e-05 7.811e-06 6.924e-05 -1.000 1.637e-04 -1.332 0.252 -0.728 -1.337 -1.558 -1.665 -1.701
0.00015547 -2.00000 10.13000 0.7752246857 2.4097406864    0.713  2.482  3.6917  1.528    7  0.000  0.520     0.00     0.00     0.00     0.00     0.00 -1    -1e-30      0.00 7.549e-01 2.449e-01 2.706e-05 8.110e-06 6.924e-05 -1.000 1.637e-04 -1.434 0.185 -0.816 -1.437 -1.662 -1.772 -1.810
0.00015547 -2.00000 10.13000 0.7752335072 2.4097440243    0.713  2.523  3.6893  1.478    7  0.000  0.506     0.00     0.00     0.00     0.00     0.00 -1    -1e-30      0.00 7.548e-01 2.450e-01 2.637e-05 8.839e-06 6.924e-05 -1.000 1.637e-04 -1.537 0.119 -0.903 -1.536 -1.766 -1.880 -1.918
0.00015547 -2.00000 10.13000 0.7752414942 2.4097468853    0.713  2.564  3.6869  1.428    7  0.000  0.490     0.00     0.00     0.00     0.00     0.00 -1    -1e-30      0.00 7.548e-01 2.450e-01 2.553e-05 9.840e-06 6.924e-05 -1.000 1.636e-04 -1.639 0.058 -0.988 -1.634 -1.869 -1.986 -2.026
0.00015547 -2.00000 10.13000 0.7752490044 2.4097497463    0.713  2.604  3.6846  1.377    7  0.000  0.475     0.00     0.00     0.00     0.00     0.00 -1    -1e-30      0.00 7.547e-01 2.452e-01 2.476e-05 1.079e-05 6.925e-05 -1.000 1.525e-04 -1.741 0.008 -1.071 -1.733 -1.973 -2.093 -2.134
0.00015547 -2.00000 10.13000 0.7752560377 2.4097523689    0.713  2.645  3.6821  1.327    7  0.000  0.462     0.00     0.00     0.00     0.00     0.00 -1    -1e-30      0.00 7.545e-01 2.453e-01 2.409e-05 1.161e-05 6.925e-05 -1.000 1.426e-04 -1.842 -0.026 -1.151 -1.833 -2.079 -2.202 -2.245
0.00015547 -2.00000 10.13000 0.7752627134 2.4097549915    0.713  2.686  3.6798  1.277    7  0.000  0.451     0.00     0.00     0.00     0.00     0.00 -1    -1e-30      0.00 7.544e-01 2.455e-01 2.351e-05 1.233e-05 6.925e-05 -1.000 1.592e-04 -1.944 -0.055 -1.230 -1.933 -2.185 -2.311 -2.354
0.00015547 -2.00000 10.13000 0.7752690911 2.4097573757    0.713  2.726  3.6774  1.227    7  0.000  0.441     0.00     0.00     0.00     0.00     0.00 -1    -1e-30      0.00 7.542e-01 2.457e-01 2.300e-05 1.295e-05 6.925e-05 -1.000 1.637e-04 -2.045 -0.076 -1.305 -2.032 -2.289 -2.418 -2.464
0.00015547 -2.00000 10.13000 0.7752751708 2.4097595215    0.713  2.767  3.6749  1.176    7  0.000  0.432     0.00     0.00     0.00     0.00     0.00 -1    -1e-30      0.00 7.540e-01 2.459e-01 2.256e-05 1.350e-05 6.923e-05 -1.000 1.637e-04 -2.148 -0.090 -1.379 -2.132 -2.396 -2.528 -2.575
0.00015547 -2.00000 10.13000 0.7752805352 2.4097616673    0.713  2.809  3.6724  1.124    7  0.000  0.425     0.00     0.00     0.00     0.00     0.00 -1    -1e-30      0.00 7.537e-01 2.461e-01 2.216e-05 1.400e-05 6.920e-05 -1.000 1.636e-04 -2.253 -0.099 -1.452 -2.234 -2.504 -2.641 -2.689
0.00015547 -2.00000 10.13000 0.7752850056 2.4097633362    0.713  2.850  3.6698  1.072    7  0.000  0.419     0.00     0.00     0.00     0.00     0.00 -1    -1e-30      0.00 7.535e-01 2.463e-01 2.183e-05 1.440e-05 6.914e-05 -1.000 1.636e-04 -2.356 -0.098 -1.520 -2.333 -2.611 -2.751 -2.801
0.00015547 -2.00000 10.13000 0.7752887607 2.4097647667    0.713  2.891  3.6673  1.021    7  0.000  0.414     0.00     0.00     0.00     0.00     0.00 -1    -1e-30      0.00 7.533e-01 2.465e-01 2.155e-05 1.478e-05 6.905e-05 -1.000 1.548e-04 -2.458 -0.089 -1.585 -2.430 -2.716 -2.860 -2.912
0.00015547 -2.00000 10.13000 0.7752919793 2.4097659588    0.713  2.930  3.6648  0.973    7  0.000  0.410     0.00     0.00     0.00     0.00     0.00 -1    -1e-30      0.00 7.531e-01 2.468e-01 2.132e-05 1.510e-05 6.893e-05 -1.000 1.368e-04 -2.555 -0.068 -1.640 -2.522 -2.816 -2.964 -3.018
0.00015547 -2.00000 10.13000 0.7752952576 2.4097671509    0.713  2.971  3.6622  0.922    7  0.000  0.408     0.00     0.00     0.00     0.00     0.00 -1    -1e-30      0.00 7.529e-01 2.470e-01 2.113e-05 1.540e-05 6.879e-05 -1.000 1.580e-04 -2.657 -0.033 -1.693 -2.616 -2.921 -3.074 -3.129
0.00015547 -2.00000 10.13000 0.7752979994 2.4097681046    0.713  3.010  3.6597  0.873    7  0.000  0.406     0.00     0.00     0.00     0.00     0.00 -1    -1e-30      0.00 7.527e-01 2.472e-01 2.098e-05 1.566e-05 6.865e-05 -1.000 1.637e-04 -2.754 0.010 -1.738 -2.706 -3.022 -3.180 -3.237
0.00015547 -2.00000 10.13000 0.7753009796 2.4097692966    0.713  3.049  3.6572  0.823    7  0.000  0.404     0.00     0.00     0.00     0.00     0.00 -1    -1e-30      0.00 7.525e-01 2.473e-01 2.087e-05 1.590e-05 6.850e-05 -1.000 1.637e-04 -2.854 0.042 -1.786 -2.795 -3.121 -3.285 -3.344
0.00015547 -2.00000 10.13000 0.7753011584 2.4097692966    0.713  3.041  3.6578  0.834    7  0.000  0.404     0.00     0.00     0.00     0.00     0.00 -1    -1e-30      0.00 7.525e-01 2.473e-01 2.085e-05 1.593e-05 6.848e-05 -1.000 1.636e-04 -2.832 0.040 -1.774 -2.776 -3.100 -3.262 -3.320
0.00015547 -2.00000 10.13000 0.7753013968 2.4097695351    0.713  3.051  3.6571  0.821    7  0.000  0.404     0.00     0.00     0.00     0.00     0.00 -1    -1e-30      0.00 7.525e-01 2.474e-01 2.084e-05 1.594e-05 6.847e-05 -1.000 1.637e-04 -2.857 0.040 -1.789 -2.799 -3.125 -3.288 -3.348
0.00015547 -2.00000 10.13000 0.7753015161 2.4097695351    0.713  3.069  3.6559  0.798    7  0.000  0.404     0.00     0.00     0.00     0.00     0.00 -1    -1e-30      0.00 7.523e-01 2.475e-01 2.081e-05 1.607e-05 6.838e-05 -1.000 1.637e-04 -2.902 0.040 -1.813 -2.838 -3.169 -3.335 -3.395
0.00015547 -2.00000 10.13000 0.7753017545 2.4097695351    0.713  3.098  3.6539  0.761    7  0.000  0.403     0.00     0.00     0.00     0.00     0.00 -1    -1e-30      0.00 7.521e-01 2.477e-01 2.067e-05 1.642e-05 6.814e-05 -1.000 1.636e-04 -2.974 0.042 -1.852 -2.901 -3.239 -3.409 -3.471
0.00015547 -2.00000 10.13000 0.7753019929 2.4097697735    0.713  3.136  3.6512  0.713    7  0.000  0.402     0.00     0.00     0.00     0.00     0.00 -1    -1e-30      0.00 7.519e-01 2.480e-01 2.051e-05 1.687e-05 6.782e-05 -1.000 1.636e-04 -3.069 0.047 -1.902 -2.984 -3.332 -3.507 -3.572
0.00015547 -2.00000 10.13000 0.7753024697 2.4097697735    0.713  3.184  3.6478  0.651    7  0.000  0.401     0.00     0.00     0.00     0.00     0.00 -1    -1e-30      0.00 7.515e-01 2.484e-01 2.030e-05 1.752e-05 6.736e-05 -1.000 1.595e-04 -3.190 0.054 -1.963 -3.087 -3.449 -3.631 -3.698
0.00015547 -2.00000 10.13000 0.7753028274 2.4097700119    0.713  3.196  3.6436  0.621    8  0.518  0.414    45.30    25.39    16.79    13.32    10.81  1 -3.55e-07      0.00 7.513e-01 2.485e-01 2.119e-05 1.778e-05 6.797e-05 -1.000 1.849e-04 -3.221 0.145 -1.933 -3.096 -3.472 -3.662 -3.732
0.00015547 -2.00000 10.13000 0.7753028870 2.4097700119    0.712  2.963  3.6595  0.917    8  0.518  0.416    24.29    14.87    10.07     7.93     6.43  1 -1.44e-07      0.00 7.513e-01 2.485e-01 2.119e-05 1.778e-05 6.797e-05 -1.000 1.848e-04 -2.639 0.105 -1.630 -2.590 -2.904 -3.062 -3.119
0.00015547 -2.00000 10.13000 0.7753030062 2.4097700119    0.709  2.804  3.6702  1.118    8  0.518  0.416    16.09    10.32     7.11     5.57     4.51  2 -8.24e-08      0.00 7.513e-01 2.485e-01 2.119e-05 1.778e-05 6.797e-05 -1.000 1.849e-04 -2.239 -0.011 -1.412 -2.217 -2.493 -2.632 -2.682
0.00015547 -2.00000 10.13000 0.7753032446 2.4097702503    0.704  2.594  3.6842  1.380    8  0.518  0.416     9.55     6.42     4.51     3.51     2.84  3 -4.28e-08      0.00 7.513e-01 2.485e-01 2.119e-05 1.778e-05 6.797e-05 -1.000 1.848e-04 -1.716 0.040 -1.044 -1.708 -1.949 -2.069 -2.111
0.00015547 -2.00000 10.13000 0.7753034830 2.4097702503    0.698  2.599  3.6837  1.369    8  0.518  0.416     9.74     6.53     4.59     3.57     2.89  3 -4.39e-08      0.00 7.513e-01 2.485e-01 2.119e-05 1.778e-05 6.797e-05 -1.000 1.848e-04 -1.728 0.042 -1.052 -1.720 -1.962 -2.083 -2.125
0.00015547 -2.00000 10.13000 0.7753039002 2.4097704887    0.689  2.685  3.6778  1.255    8  0.519  0.416    12.16     8.01     5.57     4.35     3.52  2 -5.77e-08      0.00 7.513e-01 2.485e-01 2.119e-05 1.778e-05 6.797e-05 -1.000 1.848e-04 -1.942 0.009 -1.207 -1.929 -2.185 -2.313 -2.358
0.00015547 -2.00000 10.13000 0.7753043175 2.4097704887    0.679  2.875  3.6647  1.006    8  0.519  0.416    20.04    12.50     8.53     6.71     5.43  1 -1.11e-07      0.00 7.513e-01 2.485e-01 2.119e-05 1.778e-05 6.797e-05 -1.000 1.849e-04 -2.417 0.057 -1.506 -2.383 -2.677 -2.825 -2.878
0.00015547 -2.00000 10.13000 0.7753048539 2.4097707272    0.668  3.045  3.6529  0.781    8  0.519  0.416    31.93    18.70    12.52     9.92     8.03  1 -2.12e-07      0.00 7.513e-01 2.485e-01 2.119e-05 1.778e-05 6.797e-05 -1.000 1.848e-04 -2.843 0.183 -1.714 -2.766 -3.106 -3.277 -3.340
0.00015547 -2.00000 10.13000 0.7753054500 2.4097709656    0.655  3.158  3.6450  0.627    8  0.520  0.416    44.18    24.56    16.23    12.92    10.47  1 -3.44e-07      0.00 7.513e-01 2.485e-01 2.119e-05 1.778e-05 6.797e-05 -1.000 1.848e-04 -3.126 0.201 -1.858 -3.009 -3.380 -3.567 -3.637
0.00015547 -2.00000 10.13000 0.7753061652 2.4097712040    0.640  3.220  3.6405  0.538    8  0.520  0.416    53.50    28.71    18.83    15.03    12.19  1 -4.61e-07      0.00 7.513e-01 2.485e-01 2.119e-05 1.778e-05 6.797e-05 -1.000 1.849e-04 -3.281 0.224 -1.925 -3.137 -3.528 -3.725 -3.799
0.00015547 -2.00000 10.13000 0.7753068805 2.4097714424    0.625  3.250  3.6381  0.488    8  0.520  0.416    59.57    31.24    20.40    16.32    13.24  1 -5.45e-07      0.00 7.513e-01 2.485e-01 2.119e-05 1.778e-05 6.797e-05 -1.000 1.849e-04 -3.356 0.245 -1.949 -3.196 -3.598 -3.801 -3.877
0.00015547 -2.00000 10.13000 0.7753077149 2.4097719193    0.608  3.268  3.6398  0.465    8  0.521  0.414    62.40    32.30    21.05    16.87    13.68  1 -6.33e-07      0.00 7.513e-01 2.485e-01 2.119e-05 1.778e-05 6.797e-05 -1.000 1.849e-04 -3.399 0.178 -2.008 -3.249 -3.648 -3.848 -3.923
